[4, 16, 38, 15, 4]
Linear Op ranks:  [4, 10, 16, 11, 4]
Ranks of eigen tensor:  [2, 4, 8, 11, 4]
Eigen value:  -0.543434038720128
Power Method converged in 0.4690s
-0.54343
Creating Problem...
[[-1. -1.  1. -1.]
 [-1. -1.  1.  1.]
 [ 1.  1. -1.  1.]
 [-1.  1.  1. -1.]]
...Problem created!
Objective Ranks: [4]
Constraint Ranks: As [1], bias [1]
Starting AMEn solve with:
	epsilon: 1e-10
	sweeps: 22

Solution rank is [3, 4]
Residual  1.4014829379097183e-15
---Step 0---
Centering Param:  0.6
Duality Gap: 100.0000%
Primal-Dual error: 11.9992
X_tt:
[[1. 0. 0. 0.]
 [0. 1. 0. 0.]
 [0. 0. 1. 0.]
 [0. 0. 0. 1.]]
Delta_X_tt:
[[-0. -1.  1. -1.]
 [-1. -0.  1.  1.]
 [ 1.  1. -0.  1.]
 [-1.  1.  1. -0.]]
Z_tt:
[[1. 0. 0. 0.]
 [0. 1. 0. 0.]
 [0. 0. 1. 0.]
 [0. 0. 0. 1.]]
Delta_Z_tt:
[[-0.5  1.  -1.   1. ]
 [ 1.  -0.5 -1.  -1. ]
 [-1.  -1.  -0.5 -1. ]
 [ 1.  -1.  -1.  -0.5]]
Step Size: 0.25, 0.25
Starting AMEn solve with:
	epsilon: 1e-10
	sweeps: 22

Solution rank is [4, 8]
Residual  1.5812809602025807e-07
---Step 1---
Centering Param:  0.6799999999999999
Duality Gap: 71.2043%
Primal-Dual error: 6.9766
X_tt:
[[ 1.   -0.24  0.24 -0.24]
 [-0.24  1.    0.24  0.24]
 [ 0.24  0.24  1.    0.24]
 [-0.24  0.24  0.24  1.  ]]
Delta_X_tt:
[[ 0.   -1.01 -0.6  -1.01]
 [-1.01  0.    1.01  1.71]
 [-0.6   1.01  0.    1.01]
 [-1.01  1.71  1.01  0.  ]]
Z_tt:
[[ 0.88  0.24 -0.24  0.24]
 [ 0.24  0.88 -0.24 -0.24]
 [-0.24 -0.24  0.88 -0.24]
 [ 0.24 -0.24 -0.24  0.88]]
Delta_Z_tt:
[[ 0.85  0.76 -0.76  0.76]
 [ 0.76  1.23 -0.76 -0.76]
 [-0.76 -0.76  0.84 -0.76]
 [ 0.76 -0.76 -0.76  1.23]]
Step Size: 0.25, 0.5
Starting AMEn solve with:
	epsilon: 1e-10
	sweeps: 22

Solution rank is [4, 8]
Residual  1.7156605005164237e-08
---Step 2---
Centering Param:  0.7439999999999999
Duality Gap: 58.0917%
Primal-Dual error: 1.9251
X_tt:
[[ 1.   -0.48  0.09 -0.48]
 [-0.48  1.    0.48  0.64]
 [ 0.09  0.48  1.    0.48]
 [-0.48  0.64  0.48  1.  ]]
Delta_X_tt:
[[ 0.   -0.53 -1.07 -0.53]
 [-0.53  0.    0.54  0.25]
 [-1.07  0.54  0.    0.54]
 [-0.53  0.25  0.54  0.  ]]
Z_tt:
[[ 1.29  0.6  -0.6   0.6 ]
 [ 0.6   1.47 -0.6  -0.6 ]
 [-0.6  -0.6   1.28 -0.6 ]
 [ 0.6  -0.6  -0.6   1.47]]
Delta_Z_tt:
[[ 0.75  0.4  -0.4   0.4 ]
 [ 0.4   1.17 -0.4  -0.4 ]
 [-0.4  -0.4   0.75 -0.4 ]
 [ 0.4  -0.4  -0.4   1.17]]
Step Size: 0.5, 1
Starting AMEn solve with:
	epsilon: 1e-10
	sweeps: 22

Solution rank is [3, 4]
Residual  3.969053262449307e-12
---Step 3---
Centering Param:  0.5952019060153552
Duality Gap: 68.3465%
Primal-Dual error: 0.0145
X_tt:
[[ 1.   -0.73 -0.41 -0.73]
 [-0.73  1.    0.73  0.76]
 [-0.41  0.73  1.    0.73]
 [-0.73  0.76  0.73  1.  ]]
Delta_X_tt:
[[-0.    0.2   0.51  0.2 ]
 [ 0.2  -0.   -0.2   0.08]
 [ 0.51 -0.2  -0.   -0.2 ]
 [ 0.2   0.08 -0.2  -0.  ]]
Z_tt:
[[ 2.    0.98 -0.98  0.98]
 [ 0.98  2.58 -0.98 -0.98]
 [-0.98 -0.98  1.99 -0.98]
 [ 0.98 -0.98 -0.98  2.58]]
Delta_Z_tt:
[[-0.72  0.02 -0.02  0.02]
 [ 0.02  0.47 -0.02 -0.02]
 [-0.02 -0.02 -0.72 -0.02]
 [ 0.02 -0.02 -0.02  0.47]]
Step Size: 1, 1
Starting AMEn solve with:
	epsilon: 1e-10
	sweeps: 22

Solution rank is [3, 4]
Residual  9.810622920549804e-14
---Step 4---
Centering Param:  0.4761615653906082
Duality Gap: 63.2496%
Primal-Dual error: 0.0037
X_tt:
[[ 1.   -0.55  0.07 -0.55]
 [-0.55  1.    0.54  0.84]
 [ 0.07  0.54  1.    0.54]
 [-0.55  0.84  0.54  1.  ]]
Delta_X_tt:
[[ 0.   -0.16 -0.26 -0.16]
 [-0.16 -0.    0.18  0.04]
 [-0.26  0.18  0.    0.18]
 [-0.16  0.04  0.18 -0.  ]]
Z_tt:
[[ 1.32  1.   -1.    1.  ]
 [ 1.    3.02 -1.   -1.  ]
 [-1.   -1.    1.31 -1.  ]
 [ 1.   -1.   -1.    3.03]]
Delta_Z_tt:
[[ 0.44  0.   -0.    0.  ]
 [ 0.   -0.5  -0.   -0.  ]
 [-0.   -0.    0.43 -0.  ]
 [ 0.   -0.   -0.   -0.5 ]]
Step Size: 1, 1
Starting AMEn solve with:
	epsilon: 1e-10
	sweeps: 22

Solution rank is [3, 4]
Residual  7.950221615755543e-15
---Step 5---
Centering Param:  0.3809292889903758
Duality Gap: 38.7273%
Primal-Dual error: 0.0022
X_tt:
[[ 1.   -0.69 -0.18 -0.69]
 [-0.69  1.    0.71  0.88]
 [-0.18  0.71  1.    0.71]
 [-0.69  0.88  0.71  1.  ]]
Delta_X_tt:
[[-0.   -0.13 -0.2  -0.13]
 [-0.13  0.    0.09  0.08]
 [-0.2   0.09 -0.    0.09]
 [-0.13  0.08  0.09  0.  ]]
Z_tt:
[[ 1.73  1.   -1.    1.  ]
 [ 1.    2.55 -1.   -1.  ]
 [-1.   -1.    1.72 -1.  ]
 [ 1.   -1.   -1.    2.55]]
Delta_Z_tt:
[[-0.2   0.   -0.    0.  ]
 [ 0.    0.12 -0.   -0.  ]
 [-0.   -0.   -0.2  -0.  ]
 [ 0.   -0.   -0.    0.12]]
Step Size: 1, 1
Starting AMEn solve with:
	epsilon: 1e-10
	sweeps: 22

Solution rank is [3, 4]
Residual  1.9513681397959924e-14
---Step 6---
Centering Param:  0.30474343175740126
Duality Gap: 19.4731%
Primal-Dual error: 0.0003
X_tt:
[[ 1.   -0.82 -0.37 -0.82]
 [-0.82  1.    0.79  0.95]
 [-0.37  0.79  1.    0.79]
 [-0.82  0.95  0.79  1.  ]]
Delta_X_tt:
[[ 0.   -0.09 -0.44 -0.09]
 [-0.09 -0.    0.2   0.02]
 [-0.44  0.2  -0.    0.2 ]
 [-0.09  0.02  0.2  -0.  ]]
Z_tt:
[[ 1.54  1.   -1.    1.  ]
 [ 1.    2.66 -1.   -1.  ]
 [-1.   -1.    1.52 -1.  ]
 [ 1.   -1.   -1.    2.66]]
Delta_Z_tt:
[[-0.1   0.   -0.    0.  ]
 [ 0.    0.02 -0.   -0.  ]
 [-0.   -0.   -0.1  -0.  ]
 [ 0.   -0.   -0.    0.02]]
Step Size: 0.5, 1
Starting AMEn solve with:
	epsilon: 1e-10
	sweeps: 22

Solution rank is [3, 4]
Residual  6.133653645988225e-13
---Step 7---
Centering Param:  0.24379474542661944
Duality Gap: 11.8024%
Primal-Dual error: 0.0001
X_tt:
[[ 1.   -0.86 -0.58 -0.86]
 [-0.86  1.    0.88  0.96]
 [-0.58  0.88  1.    0.88]
 [-0.86  0.96  0.88  1.  ]]
Delta_X_tt:
[[-0.   -0.13 -0.21 -0.13]
 [-0.13  0.    0.02  0.03]
 [-0.21  0.02  0.    0.02]
 [-0.13  0.03  0.02  0.  ]]
Z_tt:
[[ 1.44  1.   -1.    1.  ]
 [ 1.    2.68 -1.   -1.  ]
 [-1.   -1.    1.43 -1.  ]
 [ 1.   -1.   -1.    2.68]]
Delta_Z_tt:
[[-0.18  0.   -0.    0.  ]
 [ 0.    0.12 -0.   -0.  ]
 [-0.   -0.   -0.18 -0.  ]
 [ 0.   -0.   -0.    0.12]]
Step Size: 0.5, 1
Starting AMEn solve with:
	epsilon: 1e-10
	sweeps: 22

Solution rank is [3, 4]
Residual  3.670161458075453e-14
---Step 8---
Centering Param:  0.19503580596273326
Duality Gap: 6.3890%
Primal-Dual error: 0.0002
X_tt:
[[ 1.   -0.92 -0.68 -0.92]
 [-0.92  1.    0.89  0.98]
 [-0.68  0.89  1.    0.89]
 [-0.92  0.98  0.89  1.  ]]
Delta_X_tt:
[[ 0.    0.05 -0.23  0.05]
 [ 0.05 -0.    0.19  0.02]
 [-0.23  0.19  0.    0.2 ]
 [ 0.05  0.02  0.2   0.  ]]
Z_tt:
[[ 1.27  1.   -1.    1.  ]
 [ 1.    2.79 -1.   -1.  ]
 [-1.   -1.    1.26 -1.  ]
 [ 1.   -1.   -1.    2.79]]
Delta_Z_tt:
[[-0.07  0.   -0.    0.  ]
 [ 0.    0.05 -0.   -0.  ]
 [-0.   -0.   -0.08 -0.  ]
 [ 0.   -0.   -0.    0.05]]
Step Size: 0.25, 1
Starting AMEn solve with:
	epsilon: 1e-10
	sweeps: 22

Solution rank is [3, 4]
Residual  3.9132941881382406e-14
---Step 9---
Centering Param:  0.15602864498436947
Duality Gap: 4.2483%
Primal-Dual error: 0.0000
X_tt:
[[ 1.   -0.91 -0.73 -0.91]
 [-0.91  1.    0.94  0.98]
 [-0.73  0.94  1.    0.94]
 [-0.91  0.98  0.94  1.  ]]
Delta_X_tt:
[[ 0.   -0.21 -0.19 -0.21]
 [-0.21 -0.   -0.1   0.02]
 [-0.19 -0.1   0.   -0.1 ]
 [-0.21  0.02 -0.1  -0.  ]]
Z_tt:
[[ 1.19  1.   -1.    1.  ]
 [ 1.    2.84 -1.   -1.  ]
 [-1.   -1.    1.18 -1.  ]
 [ 1.   -1.   -1.    2.84]]
Delta_Z_tt:
[[-0.05  0.   -0.    0.  ]
 [ 0.    0.03 -0.   -0.  ]
 [-0.   -0.   -0.04 -0.  ]
 [ 0.   -0.   -0.    0.03]]
Step Size: 0.125, 1
Starting AMEn solve with:
	epsilon: 1e-10
	sweeps: 22

Solution rank is [3, 4]
Residual  4.463928123036498e-13
---Step 10---
Centering Param:  0.1248229160044818
Duality Gap: 3.2883%
Primal-Dual error: 0.0000
X_tt:
[[ 1.   -0.93 -0.75 -0.93]
 [-0.93  1.    0.93  0.98]
 [-0.75  0.93  1.    0.93]
 [-0.93  0.98  0.93  1.  ]]
Delta_X_tt:
[[ 0.    0.   -0.19  0.  ]
 [ 0.   -0.    0.12  0.02]
 [-0.19  0.12  0.    0.12]
 [ 0.    0.02  0.12 -0.  ]]
Z_tt:
[[ 1.15  1.   -1.    1.  ]
 [ 1.    2.87 -1.   -1.  ]
 [-1.   -1.    1.14 -1.  ]
 [ 1.   -1.   -1.    2.87]]
Delta_Z_tt:
[[-0.02  0.   -0.    0.  ]
 [ 0.    0.01 -0.   -0.  ]
 [-0.   -0.   -0.02 -0.  ]
 [ 0.   -0.   -0.    0.01]]
Step Size: 0.25, 1
Starting AMEn solve with:
	epsilon: 1e-10
	sweeps: 22

Solution rank is [3, 4]
Residual  3.843930177695218e-13
---Step 11---
Centering Param:  0.0998583328037373
Duality Gap: 2.4649%
Primal-Dual error: 0.0000
X_tt:
[[ 1.   -0.93 -0.8  -0.93]
 [-0.93  1.    0.95  0.99]
 [-0.8   0.95  1.    0.95]
 [-0.93  0.99  0.95  1.  ]]
Delta_X_tt:
[[-0.   -0.2  -0.14 -0.2 ]
 [-0.2  -0.   -0.11  0.01]
 [-0.14 -0.11  0.   -0.11]
 [-0.2   0.01 -0.11 -0.  ]]
Z_tt:
[[ 1.13  1.   -1.    1.  ]
 [ 1.    2.88 -1.   -1.  ]
 [-1.   -1.    1.13 -1.  ]
 [ 1.   -1.   -1.    2.88]]
Delta_Z_tt:
[[-0.03  0.   -0.    0.  ]
 [ 0.    0.02 -0.   -0.  ]
 [-0.   -0.   -0.03 -0.  ]
 [ 0.   -0.   -0.    0.02]]
Step Size: 0.125, 1
Starting AMEn solve with:
	epsilon: 1e-10
	sweeps: 22

Solution rank is [3, 4]
Residual  4.854609350089191e-13
---Step 12---
Centering Param:  0.07988666624789814
Duality Gap: 2.0474%
Primal-Dual error: 0.0000
X_tt:
[[ 1.   -0.96 -0.82 -0.96]
 [-0.96  1.    0.94  0.99]
 [-0.82  0.94  1.    0.94]
 [-0.96  0.99  0.94  1.  ]]
Delta_X_tt:
[[ 0.    0.12 -0.15  0.12]
 [ 0.12 -0.    0.21  0.01]
 [-0.15  0.21  0.    0.21]
 [ 0.12  0.01  0.21 -0.  ]]
Z_tt:
[[ 1.11  1.   -1.    1.  ]
 [ 1.    2.9  -1.   -1.  ]
 [-1.   -1.    1.1  -1.  ]
 [ 1.   -1.   -1.    2.91]]
Delta_Z_tt:
[[-0.01 -0.   -0.   -0.  ]
 [-0.    0.01 -0.   -0.  ]
 [-0.   -0.   -0.01 -0.  ]
 [-0.   -0.   -0.    0.01]]
Step Size: 0.125, 1
Starting AMEn solve with:
	epsilon: 1e-10
	sweeps: 22

Solution rank is [3, 4]
Residual  9.148547490895712e-11
---Step 13---
Centering Param:  0.06390933299835881
Duality Gap: 1.7600%
Primal-Dual error: 0.0000
X_tt:
[[ 1.   -0.94 -0.83 -0.94]
 [-0.94  1.    0.96  0.99]
 [-0.83  0.96  1.    0.96]
 [-0.94  0.99  0.96  1.  ]]
Delta_X_tt:
[[ 0.   -0.27 -0.14 -0.27]
 [-0.27 -0.   -0.19  0.01]
 [-0.14 -0.19  0.   -0.19]
 [-0.27  0.01 -0.19 -0.  ]]
Z_tt:
[[ 1.1   1.   -1.    1.  ]
 [ 1.    2.91 -1.   -1.  ]
 [-1.   -1.    1.09 -1.  ]
 [ 1.   -1.   -1.    2.91]]
Delta_Z_tt:
[[-0.01  0.   -0.    0.  ]
 [ 0.    0.01  0.   -0.  ]
 [-0.    0.   -0.01  0.  ]
 [ 0.   -0.    0.    0.01]]
Step Size: 0.0625, 1
Starting AMEn solve with:
	epsilon: 1e-10
	sweeps: 22

Solution rank is [3, 4]
Residual  1.367768367475966e-13
---Step 14---
Centering Param:  0.051127466398724036
Duality Gap: 1.6091%
Primal-Dual error: 0.0000
X_tt:
[[ 1.   -0.96 -0.84 -0.96]
 [-0.96  1.    0.95  0.99]
 [-0.84  0.95  1.    0.95]
 [-0.96  0.99  0.95  1.  ]]
Delta_X_tt:
[[ 0.    0.03 -0.14  0.03]
 [ 0.03 -0.    0.1   0.01]
 [-0.14  0.1   0.    0.11]
 [ 0.03  0.01  0.11 -0.  ]]
Z_tt:
[[ 1.09  1.   -1.    1.  ]
 [ 1.    2.92 -1.   -1.  ]
 [-1.   -1.    1.08 -1.  ]
 [ 1.   -1.   -1.    2.92]]
Delta_Z_tt:
[[-0.01 -0.    0.   -0.  ]
 [-0.    0.   -0.    0.  ]
 [ 0.   -0.   -0.   -0.  ]
 [-0.    0.   -0.    0.  ]]
Step Size: 0.125, 1
Starting AMEn solve with:
	epsilon: 1e-10
	sweeps: 22

Solution rank is [3, 4]
Residual  4.2240385066869727e-13
---Step 15---
Centering Param:  0.040901973118980015
Duality Gap: 1.4050%
Primal-Dual error: 0.0000
X_tt:
[[ 1.   -0.96 -0.86 -0.96]
 [-0.96  1.    0.97  0.99]
 [-0.86  0.97  1.    0.97]
 [-0.96  0.99  0.97  1.  ]]
Delta_X_tt:
[[ 0.   -0.16 -0.12 -0.16]
 [-0.16 -0.   -0.09  0.01]
 [-0.12 -0.09  0.   -0.09]
 [-0.16  0.01 -0.09 -0.  ]]
Z_tt:
[[ 1.08  1.   -1.    1.  ]
 [ 1.    2.92 -1.   -1.  ]
 [-1.   -1.    1.08 -1.  ]
 [ 1.   -1.   -1.    2.93]]
Delta_Z_tt:
[[-0.01  0.   -0.    0.  ]
 [ 0.    0.01  0.    0.  ]
 [-0.    0.   -0.01  0.  ]
 [ 0.    0.    0.    0.01]]
Step Size: 0.125, 1
Starting AMEn solve with:
	epsilon: 1e-10
	sweeps: 22

Solution rank is [3, 4]
Residual  4.6480433185255826e-12
---Step 16---
Centering Param:  0.0327215784952262
Duality Gap: 1.2140%
Primal-Dual error: 0.0000
X_tt:
[[ 1.   -0.97 -0.87 -0.97]
 [-0.97  1.    0.95  0.99]
 [-0.87  0.95  1.    0.95]
 [-0.97  0.99  0.95  1.  ]]
Delta_X_tt:
[[-0.    0.24 -0.11  0.24]
 [ 0.24 -0.    0.3   0.01]
 [-0.11  0.3   0.    0.3 ]
 [ 0.24  0.01  0.3  -0.  ]]
Z_tt:
[[ 1.08  1.   -1.    1.  ]
 [ 1.    2.93 -1.   -1.  ]
 [-1.   -1.    1.07 -1.  ]
 [ 1.   -1.   -1.    2.93]]
Delta_Z_tt:
[[-0.01 -0.   -0.   -0.  ]
 [-0.    0.01 -0.    0.  ]
 [-0.   -0.   -0.01 -0.  ]
 [-0.    0.   -0.    0.01]]
Step Size: 0.0625, 1
Starting AMEn solve with:
	epsilon: 1e-10
	sweeps: 22

Solution rank is [3, 4]
Residual  2.2192749758984693e-12
---Step 17---
Centering Param:  0.02617726279620782
Duality Gap: 1.1178%
Primal-Dual error: 0.0000
X_tt:
[[ 1.   -0.96 -0.88 -0.96]
 [-0.96  1.    0.97  0.99]
 [-0.88  0.97  1.    0.97]
 [-0.96  0.99  0.97  1.  ]]
Delta_X_tt:
[[ 0.   -0.22 -0.11 -0.23]
 [-0.22 -0.   -0.16  0.01]
 [-0.11 -0.16  0.   -0.17]
 [-0.23  0.01 -0.17 -0.  ]]
Z_tt:
[[ 1.07  1.   -1.    1.  ]
 [ 1.    2.94 -1.   -1.  ]
 [-1.   -1.    1.06 -1.  ]
 [ 1.   -1.   -1.    2.94]]
Delta_Z_tt:
[[-0.  0.  0.  0.]
 [ 0.  0.  0.  0.]
 [ 0.  0. -0.  0.]
 [ 0.  0.  0.  0.]]
Step Size: 0.0625, 1
Starting AMEn solve with:
	epsilon: 1e-10
	sweeps: 22

Solution rank is [3, 4]
Residual  1.2366748973722725e-11
---Step 18---
Centering Param:  0.020941810236966632
Duality Gap: 1.0400%
Primal-Dual error: 0.0000
X_tt:
[[ 1.   -0.97 -0.89 -0.97]
 [-0.97  1.    0.96  0.99]
 [-0.89  0.96  1.    0.96]
 [-0.97  0.99  0.96  1.  ]]
Delta_X_tt:
[[ 0.    0.14 -0.1   0.14]
 [ 0.14 -0.    0.2   0.01]
 [-0.1   0.2   0.    0.2 ]
 [ 0.14  0.01  0.2  -0.  ]]
Z_tt:
[[ 1.06  1.   -1.    1.  ]
 [ 1.    2.94 -1.   -1.  ]
 [-1.   -1.    1.06 -1.  ]
 [ 1.   -1.   -1.    2.94]]
Delta_Z_tt:
[[-0. -0. -0. -0.]
 [-0.  0. -0.  0.]
 [-0. -0. -0. -0.]
 [-0.  0. -0.  0.]]
Step Size: 0.0625, 1
Starting AMEn solve with:
	epsilon: 1e-10
	sweeps: 22

Solution rank is [3, 4]
Residual  1.352288070751808e-13
---Step 19---
Centering Param:  0.016753448189573694
Duality Gap: 0.9686%
Primal-Dual error: 0.0000
X_tt:
[[ 1.   -0.97 -0.89 -0.97]
 [-0.97  1.    0.97  0.99]
 [-0.89  0.97  1.    0.97]
 [-0.97  0.99  0.97  1.  ]]
Delta_X_tt:
[[ 0.   -0.19 -0.1  -0.2 ]
 [-0.19 -0.   -0.14  0.01]
 [-0.1  -0.14  0.   -0.14]
 [-0.2   0.01 -0.14 -0.  ]]
Z_tt:
[[ 1.06  1.   -1.    1.  ]
 [ 1.    2.94 -1.   -1.  ]
 [-1.   -1.    1.05 -1.  ]
 [ 1.   -1.   -1.    2.95]]
Delta_Z_tt:
[[-0.  0. -0.  0.]
 [ 0.  0.  0.  0.]
 [-0.  0. -0.  0.]
 [ 0.  0.  0.  0.]]
Step Size: 0.0625, 1
Starting AMEn solve with:
	epsilon: 1e-10
	sweeps: 22

Solution rank is [3, 4]
Residual  6.996125390638702e-12
---Step 20---
Centering Param:  0.013402758551659273
Duality Gap: 0.9029%
Primal-Dual error: 0.0000
X_tt:
[[ 1.   -0.98 -0.9  -0.98]
 [-0.98  1.    0.97  0.99]
 [-0.9   0.97  1.    0.97]
 [-0.98  0.99  0.97  1.  ]]
Delta_X_tt:
[[ 0.    0.16 -0.09  0.16]
 [ 0.16 -0.    0.21  0.01]
 [-0.09  0.21  0.    0.22]
 [ 0.16  0.01  0.22 -0.  ]]
Z_tt:
[[ 1.06  1.   -1.    1.  ]
 [ 1.    2.95 -1.   -1.  ]
 [-1.   -1.    1.05 -1.  ]
 [ 1.   -1.   -1.    2.95]]
Delta_Z_tt:
[[-0. -0. -0. -0.]
 [-0.  0. -0.  0.]
 [-0. -0. -0. -0.]
 [-0.  0. -0.  0.]]
Step Size: 0.0625, 1
Starting AMEn solve with:
	epsilon: 1e-10
	sweeps: 22

Solution rank is [3, 4]
Residual  1.3179275658276059e-10
---Step 21---
Centering Param:  0.010722206841327755
Duality Gap: 0.8418%
Primal-Dual error: 0.0000
X_tt:
[[ 1.   -0.97 -0.9  -0.97]
 [-0.97  1.    0.98  0.99]
 [-0.9   0.98  1.    0.98]
 [-0.97  0.99  0.98  1.  ]]
Delta_X_tt:
[[ 0.   -0.25 -0.09 -0.26]
 [-0.25 -0.   -0.2   0.01]
 [-0.09 -0.2   0.   -0.21]
 [-0.26  0.01 -0.21 -0.  ]]
Z_tt:
[[ 1.06  1.   -1.    1.  ]
 [ 1.    2.95 -1.   -1.  ]
 [-1.   -1.    1.05 -1.  ]
 [ 1.   -1.   -1.    2.95]]
Delta_Z_tt:
[[-0.  0. -0.  0.]
 [ 0.  0.  0.  0.]
 [-0.  0. -0.  0.]
 [ 0.  0.  0.  0.]]
Step Size: 0.0625, 1
Starting AMEn solve with:
	epsilon: 1e-10
	sweeps: 22

Solution rank is [3, 4]
Residual  1.9339350225935055e-10
---Step 22---
Centering Param:  0.008577765473062464
Duality Gap: 0.7853%
Primal-Dual error: 0.0000
X_tt:
[[ 1.   -0.98 -0.91 -0.98]
 [-0.98  1.    0.97  0.99]
 [-0.91  0.97  1.    0.97]
 [-0.98  0.99  0.97  1.  ]]
Delta_X_tt:
[[ 0.    0.28 -0.08  0.29]
 [ 0.28 -0.    0.33  0.01]
 [-0.08  0.33  0.    0.34]
 [ 0.29  0.01  0.34 -0.  ]]
Z_tt:
[[ 1.05  1.   -1.    1.  ]
 [ 1.    2.95 -1.   -1.  ]
 [-1.   -1.    1.04 -1.  ]
 [ 1.   -1.   -1.    2.96]]
Delta_Z_tt:
[[-0. -0. -0. -0.]
 [-0.  0. -0.  0.]
 [-0. -0. -0. -0.]
 [-0.  0. -0.  0.]]
Step Size: 0.03125, 1
Starting AMEn solve with:
	epsilon: 1e-10
	sweeps: 22

Solution rank is [3, 4]
Residual  1.6677108204110725e-13
---Step 23---
Centering Param:  0.0068622123784502324
Duality Gap: 0.7556%
Primal-Dual error: 0.0000
X_tt:
[[ 1.   -0.97 -0.91 -0.97]
 [-0.97  1.    0.98  1.  ]
 [-0.91  0.98  1.    0.98]
 [-0.97  1.    0.98  1.  ]]
Delta_X_tt:
[[ 0.   -0.09 -0.09 -0.09]
 [-0.09 -0.   -0.04  0.  ]
 [-0.09 -0.04  0.   -0.05]
 [-0.09  0.   -0.05 -0.  ]]
Z_tt:
[[ 1.05  1.   -1.    1.  ]
 [ 1.    2.95 -1.   -1.  ]
 [-1.   -1.    1.04 -1.  ]
 [ 1.   -1.   -1.    2.96]]
Delta_Z_tt:
[[-0.  0.  0.  0.]
 [ 0.  0.  0.  0.]
 [ 0.  0. -0.  0.]
 [ 0.  0.  0.  0.]]
Step Size: 0.125, 1
Starting AMEn solve with:
	epsilon: 1e-10
	sweeps: 22

Solution rank is [3, 4]
Residual  3.6115053536538945e-10
---Step 24---
Centering Param:  0.0054897699027601915
Duality Gap: 0.6637%
Primal-Dual error: 0.0000
X_tt:
[[ 1.   -0.98 -0.92 -0.99]
 [-0.98  1.    0.97  1.  ]
 [-0.92  0.97  1.    0.97]
 [-0.99  1.    0.97  1.  ]]
Delta_X_tt:
[[ 0.    0.27 -0.07  0.28]
 [ 0.27 -0.    0.31  0.  ]
 [-0.07  0.31  0.    0.32]
 [ 0.28  0.    0.32 -0.  ]]
Z_tt:
[[ 1.05  1.   -1.    1.  ]
 [ 1.    2.95 -1.   -1.  ]
 [-1.   -1.    1.04 -1.  ]
 [ 1.   -1.   -1.    2.96]]
Delta_Z_tt:
[[-0.01 -0.   -0.   -0.  ]
 [-0.    0.   -0.    0.  ]
 [-0.   -0.   -0.01 -0.  ]
 [-0.    0.   -0.    0.  ]]
Step Size: 0.03125, 1
Starting AMEn solve with:
	epsilon: 1e-10
	sweeps: 22

Solution rank is [3, 4]
Residual  5.417437871938874e-13
---Step 25---
Centering Param:  0.004391815922222089
Duality Gap: 0.6342%
Primal-Dual error: 0.0000
X_tt:
[[ 1.   -0.98 -0.92 -0.98]
 [-0.98  1.    0.98  1.  ]
 [-0.92  0.98  1.    0.98]
 [-0.98  1.    0.98  1.  ]]
Delta_X_tt:
[[-0.   -0.12 -0.07 -0.13]
 [-0.12 -0.   -0.08  0.  ]
 [-0.07 -0.08 -0.   -0.09]
 [-0.13  0.   -0.09 -0.  ]]
Z_tt:
[[ 1.04  1.   -1.    1.  ]
 [ 1.    2.96 -1.   -1.  ]
 [-1.   -1.    1.04 -1.  ]
 [ 1.   -1.   -1.    2.96]]
Delta_Z_tt:
[[-0.  0.  0.  0.]
 [ 0.  0.  0.  0.]
 [ 0.  0. -0.  0.]
 [ 0.  0.  0.  0.]]
Step Size: 0.0625, 1
Starting AMEn solve with:
	epsilon: 1e-10
	sweeps: 22

Solution rank is [3, 4]
Residual  4.577932893088933e-10
---Step 26---
Centering Param:  0.003513452737777677
Duality Gap: 0.5944%
Primal-Dual error: 0.0000
X_tt:
[[ 1.   -0.98 -0.93 -0.98]
 [-0.98  1.    0.98  1.  ]
 [-0.93  0.98  1.    0.98]
 [-0.98  1.    0.98  1.  ]]
Delta_X_tt:
[[ 0.    0.19 -0.07  0.2 ]
 [ 0.19 -0.    0.22  0.  ]
 [-0.07  0.22 -0.    0.23]
 [ 0.2   0.    0.23 -0.  ]]
Z_tt:
[[ 1.04  1.   -1.    1.  ]
 [ 1.    2.96 -1.   -1.  ]
 [-1.   -1.    1.03 -1.  ]
 [ 1.   -1.   -1.    2.97]]
Delta_Z_tt:
[[-0. -0. -0. -0.]
 [-0.  0. -0.  0.]
 [-0. -0. -0. -0.]
 [-0.  0. -0.  0.]]
Step Size: 0.03125, 1
Starting AMEn solve with:
	epsilon: 1e-10
	sweeps: 22

Solution rank is [3, 4]
Residual  3.9650721931510663e-11
---Step 27---
Centering Param:  0.002810762190222294
Duality Gap: 0.5728%
Primal-Dual error: 0.0000
X_tt:
[[ 1.   -0.98 -0.93 -0.98]
 [-0.98  1.    0.98  1.  ]
 [-0.93  0.98  1.    0.98]
 [-0.98  1.    0.98  1.  ]]
Delta_X_tt:
[[ 0.   -0.13 -0.07 -0.14]
 [-0.13 -0.   -0.09  0.  ]
 [-0.07 -0.09  0.   -0.1 ]
 [-0.14  0.   -0.1  -0.  ]]
Z_tt:
[[ 1.04  1.   -1.    1.  ]
 [ 1.    2.96 -1.   -1.  ]
 [-1.   -1.    1.03 -1.  ]
 [ 1.   -1.   -1.    2.97]]
Delta_Z_tt:
[[-0.  0.  0.  0.]
 [ 0.  0.  0.  0.]
 [ 0.  0. -0.  0.]
 [ 0.  0.  0.  0.]]
Step Size: 0.0625, 1
Starting AMEn solve with:
	epsilon: 1e-10
	sweeps: 22

Solution rank is [3, 4]
Residual  7.555146744594835e-10
---Step 28---
Centering Param:  0.0022486097521778395
Duality Gap: 0.5371%
Primal-Dual error: 0.0000
X_tt:
[[ 1.   -0.99 -0.93 -0.99]
 [-0.99  1.    0.98  1.  ]
 [-0.93  0.98  1.    0.98]
 [-0.99  1.    0.98  1.  ]]
Delta_X_tt:
[[ 0.    0.24 -0.06  0.25]
 [ 0.24 -0.    0.27  0.  ]
 [-0.06  0.27  0.    0.29]
 [ 0.25  0.    0.29 -0.  ]]
Z_tt:
[[ 1.04  1.   -1.    1.  ]
 [ 1.    2.96 -1.   -1.  ]
 [-1.   -1.    1.03 -1.  ]
 [ 1.   -1.   -1.    2.97]]
Delta_Z_tt:
[[-0. -0. -0. -0.]
 [-0.  0. -0.  0.]
 [-0. -0. -0. -0.]
 [-0.  0. -0.  0.]]
Step Size: 0.03125, 1
Starting AMEn solve with:
	epsilon: 1e-10
	sweeps: 22

Solution rank is [3, 4]
Residual  1.9476771561254538e-11
---Step 29---
Centering Param:  0.0017988878017424026
Duality Gap: 0.5180%
Primal-Dual error: 0.0000
X_tt:
[[ 1.   -0.98 -0.94 -0.98]
 [-0.98  1.    0.99  1.  ]
 [-0.94  0.99  1.    0.99]
 [-0.98  1.    0.99  1.  ]]
Delta_X_tt:
[[ 0.   -0.2  -0.06 -0.21]
 [-0.2  -0.   -0.16  0.  ]
 [-0.06 -0.16  0.   -0.17]
 [-0.21  0.   -0.17 -0.  ]]
Z_tt:
[[ 1.04  1.   -1.    1.  ]
 [ 1.    2.97 -1.   -1.  ]
 [-1.   -1.    1.03 -1.  ]
 [ 1.   -1.   -1.    2.97]]
Delta_Z_tt:
[[-0.  0.  0.  0.]
 [ 0.  0.  0.  0.]
 [ 0.  0. -0.  0.]
 [ 0.  0.  0.  0.]]
Step Size: 0.03125, 1
Starting AMEn solve with:
	epsilon: 1e-10
	sweeps: 22

Solution rank is [3, 4]
Residual  2.921672950530587e-11
---Step 30---
Centering Param:  0.001439110241393925
Duality Gap: 0.5011%
Primal-Dual error: 0.0000
X_tt:
[[ 1.   -0.99 -0.94 -0.99]
 [-0.99  1.    0.98  1.  ]
 [-0.94  0.98  1.    0.98]
 [-0.99  1.    0.98  1.  ]]
Delta_X_tt:
[[ 0.    0.12 -0.06  0.13]
 [ 0.12 -0.    0.16  0.  ]
 [-0.06  0.16  0.    0.16]
 [ 0.13  0.    0.16 -0.  ]]
Z_tt:
[[ 1.04  1.   -1.    1.  ]
 [ 1.    2.97 -1.   -1.  ]
 [-1.   -1.    1.03 -1.  ]
 [ 1.   -1.   -1.    2.97]]
Delta_Z_tt:
[[-0. -0. -0. -0.]
 [-0.  0. -0. -0.]
 [-0. -0. -0. -0.]
 [-0. -0. -0.  0.]]
Step Size: 0.03125, 1
Starting AMEn solve with:
	epsilon: 1e-10
	sweeps: 22

Solution rank is [3, 4]
Residual  5.891930648862416e-12
---Step 31---
Centering Param:  0.0011512881931151431
Duality Gap: 0.4848%
Primal-Dual error: 0.0000
X_tt:
[[ 1.   -0.98 -0.94 -0.98]
 [-0.98  1.    0.98  1.  ]
 [-0.94  0.98  1.    0.99]
 [-0.98  1.    0.99  1.  ]]
Delta_X_tt:
[[ 0.   -0.13 -0.06 -0.14]
 [-0.13 -0.   -0.1   0.  ]
 [-0.06 -0.1   0.   -0.1 ]
 [-0.14  0.   -0.1  -0.  ]]
Z_tt:
[[ 1.04  1.   -1.    1.  ]
 [ 1.    2.97 -1.   -1.  ]
 [-1.   -1.    1.03 -1.  ]
 [ 1.   -1.   -1.    2.97]]
Delta_Z_tt:
[[-0.  0. -0.  0.]
 [ 0.  0.  0.  0.]
 [-0.  0. -0.  0.]
 [ 0.  0.  0.  0.]]
Step Size: 0.03125, 1
Starting AMEn solve with:
	epsilon: 1e-10
	sweeps: 22

Solution rank is [3, 4]
Residual  6.525243876583953e-11
---Step 32---
Centering Param:  0.000921030554492117
Duality Gap: 0.4691%
Primal-Dual error: 0.0000
X_tt:
[[ 1.   -0.99 -0.94 -0.99]
 [-0.99  1.    0.98  1.  ]
 [-0.94  0.98  1.    0.98]
 [-0.99  1.    0.98  1.  ]]
Delta_X_tt:
[[ 0.    0.08 -0.06  0.09]
 [ 0.08 -0.    0.12  0.  ]
 [-0.06  0.12  0.    0.12]
 [ 0.09  0.    0.12 -0.  ]]
Z_tt:
[[ 1.03  1.   -1.    1.  ]
 [ 1.    2.97 -1.   -1.  ]
 [-1.   -1.    1.03 -1.  ]
 [ 1.   -1.   -1.    2.97]]
Delta_Z_tt:
[[-0. -0. -0. -0.]
 [-0.  0. -0.  0.]
 [-0. -0. -0. -0.]
 [-0.  0. -0.  0.]]
Step Size: 0.0625, 1
Starting AMEn solve with:
	epsilon: 1e-10
	sweeps: 22

Solution rank is [4, 8]
Residual  5.829176463245671e-09
---Step 33---
Centering Param:  0.0007368244435936968
Duality Gap: 0.4401%
Primal-Dual error: 0.0000
X_tt:
[[ 1.   -0.98 -0.94 -0.98]
 [-0.98  1.    0.99  1.  ]
 [-0.94  0.99  1.    0.99]
 [-0.98  1.    0.99  1.  ]]
Delta_X_tt:
[[ 0.   -0.3  -0.05 -0.32]
 [-0.3  -0.   -0.28  0.  ]
 [-0.05 -0.28  0.   -0.29]
 [-0.32  0.   -0.29 -0.  ]]
Z_tt:
[[ 1.03  1.   -1.    1.  ]
 [ 1.    2.97 -1.   -1.  ]
 [-1.   -1.    1.03 -1.  ]
 [ 1.   -1.   -1.    2.97]]
Delta_Z_tt:
[[-0.  0. -0.  0.]
 [ 0.  0.  0.  0.]
 [-0.  0. -0.  0.]
 [ 0.  0.  0.  0.]]
Step Size: 0.03125, 1
Starting AMEn solve with:
	epsilon: 1e-10
	sweeps: 22

Solution rank is [3, 4]
Residual  6.401069492486485e-11
---Step 34---
Centering Param:  0.0005894595548750352
Duality Gap: 0.4249%
Primal-Dual error: 0.0000
X_tt:
[[ 1.   -0.99 -0.95 -0.99]
 [-0.99  1.    0.98  1.  ]
 [-0.95  0.98  1.    0.98]
 [-0.99  1.    0.98  1.  ]]
Delta_X_tt:
[[ 0.    0.28 -0.05  0.3 ]
 [ 0.28 -0.    0.31  0.  ]
 [-0.05  0.31  0.    0.33]
 [ 0.3   0.    0.33 -0.  ]]
Z_tt:
[[ 1.03  1.   -1.    1.  ]
 [ 1.    2.97 -1.   -1.  ]
 [-1.   -1.    1.02 -1.  ]
 [ 1.   -1.   -1.    2.98]]
Delta_Z_tt:
[[-0. -0. -0. -0.]
 [-0.  0. -0.  0.]
 [-0. -0. -0. -0.]
 [-0.  0. -0.  0.]]
Step Size: 0.015625, 1
Starting AMEn solve with:
	epsilon: 1e-10
	sweeps: 22

Solution rank is [3, 4]
Residual  3.5011685080418377e-13
---Step 35---
Centering Param:  0.00047156764390003143
Duality Gap: 0.4174%
Primal-Dual error: 0.0000
X_tt:
[[ 1.   -0.99 -0.95 -0.99]
 [-0.99  1.    0.99  1.  ]
 [-0.95  0.99  1.    0.99]
 [-0.99  1.    0.99  1.  ]]
Delta_X_tt:
[[ 0.   -0.03 -0.05 -0.03]
 [-0.03 -0.    0.    0.  ]
 [-0.05  0.    0.    0.  ]
 [-0.03  0.    0.   -0.  ]]
Z_tt:
[[ 1.03  1.   -1.    1.  ]
 [ 1.    2.97 -1.   -1.  ]
 [-1.   -1.    1.02 -1.  ]
 [ 1.   -1.   -1.    2.98]]
Delta_Z_tt:
[[-0.  0.  0.  0.]
 [ 0.  0.  0. -0.]
 [ 0.  0. -0.  0.]
 [ 0. -0.  0.  0.]]
Step Size: 0.25, 1
Starting AMEn solve with:
	epsilon: 1e-10
	sweeps: 22

Solution rank is [3, 4]
Residual  8.131090567185875e-10
---Step 36---
Centering Param:  0.0003772541151200256
Duality Gap: 0.3179%
Primal-Dual error: 0.0000
X_tt:
[[ 1.   -0.99 -0.96 -0.99]
 [-0.99  1.    0.99  1.  ]
 [-0.96  0.99  1.    0.99]
 [-0.99  1.    0.99  1.  ]]
Delta_X_tt:
[[ 0.    0.18 -0.03  0.19]
 [ 0.18 -0.    0.19  0.  ]
 [-0.03  0.19  0.    0.21]
 [ 0.19  0.    0.21 -0.  ]]
Z_tt:
[[ 1.03  1.   -1.    1.  ]
 [ 1.    2.97 -1.   -1.  ]
 [-1.   -1.    1.02 -1.  ]
 [ 1.   -1.   -1.    2.98]]
Delta_Z_tt:
[[-0.01 -0.   -0.   -0.  ]
 [-0.    0.01 -0.   -0.  ]
 [-0.   -0.   -0.01 -0.  ]
 [-0.   -0.   -0.    0.01]]
Step Size: 0.03125, 1
Starting AMEn solve with:
	epsilon: 1e-10
	sweeps: 22

Solution rank is [3, 4]
Residual  1.2412736233877447e-12
---Step 37---
Centering Param:  0.0003018032920960205
Duality Gap: 0.3021%
Primal-Dual error: 0.0000
X_tt:
[[ 1.   -0.99 -0.96 -0.99]
 [-0.99  1.    0.99  1.  ]
 [-0.96  0.99  1.    0.99]
 [-0.99  1.    0.99  1.  ]]
Delta_X_tt:
[[-0.   -0.28 -0.04 -0.31]
 [-0.28  0.   -0.26  0.  ]
 [-0.04 -0.26 -0.   -0.29]
 [-0.31  0.   -0.29  0.  ]]
Z_tt:
[[ 1.02  1.   -1.    1.  ]
 [ 1.    2.98 -1.   -1.  ]
 [-1.   -1.    1.02 -1.  ]
 [ 1.   -1.   -1.    2.98]]
Delta_Z_tt:
[[-0.  0.  0.  0.]
 [ 0.  0.  0. -0.]
 [ 0.  0. -0.  0.]
 [ 0. -0.  0.  0.]]
Step Size: 0.015625, 1
Starting AMEn solve with:
	epsilon: 1e-10
	sweeps: 22

Solution rank is [3, 4]
Residual  9.739582902326005e-13
---Step 38---
Centering Param:  0.00024144263367681642
Duality Gap: 0.2969%
Primal-Dual error: 0.0000
X_tt:
[[ 1.   -0.99 -0.96 -0.99]
 [-0.99  1.    0.99  1.  ]
 [-0.96  0.99  1.    0.99]
 [-0.99  1.    0.99  1.  ]]
Delta_X_tt:
[[-0.    0.1  -0.04  0.11]
 [ 0.1   0.    0.12  0.  ]
 [-0.04  0.12  0.    0.13]
 [ 0.11  0.    0.13 -0.  ]]
Z_tt:
[[ 1.02  1.   -1.    1.  ]
 [ 1.    2.98 -1.   -1.  ]
 [-1.   -1.    1.02 -1.  ]
 [ 1.   -1.   -1.    2.98]]
Delta_Z_tt:
[[-0. -0.  0. -0.]
 [-0.  0. -0. -0.]
 [ 0. -0. -0. -0.]
 [-0. -0. -0.  0.]]
Step Size: 0.03125, 1
Starting AMEn solve with:
	epsilon: 1e-10
	sweeps: 22

Solution rank is [3, 4]
Residual  2.414558385775508e-13
---Step 39---
Centering Param:  0.00019315410694145316
Duality Gap: 0.2877%
Primal-Dual error: 0.0000
X_tt:
[[ 1.   -0.99 -0.96 -0.99]
 [-0.99  1.    0.99  1.  ]
 [-0.96  0.99  1.    0.99]
 [-0.99  1.    0.99  1.  ]]
Delta_X_tt:
[[-0.   -0.21 -0.04 -0.23]
 [-0.21  0.   -0.19  0.  ]
 [-0.04 -0.19 -0.   -0.21]
 [-0.23  0.   -0.21  0.  ]]
Z_tt:
[[ 1.02  1.   -1.    1.  ]
 [ 1.    2.98 -1.   -1.  ]
 [-1.   -1.    1.02 -1.  ]
 [ 1.   -1.   -1.    2.98]]
Delta_Z_tt:
[[-0.  0.  0.  0.]
 [ 0.  0.  0. -0.]
 [ 0.  0. -0.  0.]
 [ 0. -0.  0.  0.]]
Step Size: 0.015625, 1
Starting AMEn solve with:
	epsilon: 1e-10
	sweeps: 22

Solution rank is [3, 4]
Residual  3.9454881260389335e-13
---Step 40---
Centering Param:  0.00015452328555316255
Duality Gap: 0.2830%
Primal-Dual error: 0.0000
X_tt:
[[ 1.   -0.99 -0.96 -0.99]
 [-0.99  1.    0.99  1.  ]
 [-0.96  0.99  1.    0.99]
 [-0.99  1.    0.99  1.  ]]
Delta_X_tt:
[[-0.    0.08 -0.04  0.09]
 [ 0.08  0.    0.1   0.  ]
 [-0.04  0.1  -0.    0.11]
 [ 0.09  0.    0.11  0.  ]]
Z_tt:
[[ 1.02  1.   -1.    1.  ]
 [ 1.    2.98 -1.   -1.  ]
 [-1.   -1.    1.02 -1.  ]
 [ 1.   -1.   -1.    2.98]]
Delta_Z_tt:
[[-0. -0.  0. -0.]
 [-0.  0. -0. -0.]
 [ 0. -0. -0. -0.]
 [-0. -0. -0.  0.]]
Step Size: 0.03125, 1
Starting AMEn solve with:
	epsilon: 1e-10
	sweeps: 22

Solution rank is [3, 4]
Residual  2.7606188730030925e-12
---Step 41---
Centering Param:  0.00012361862844253004
Duality Gap: 0.2743%
Primal-Dual error: 0.0000
X_tt:
[[ 1.   -0.99 -0.96 -0.99]
 [-0.99  1.    0.99  1.  ]
 [-0.96  0.99  1.    0.99]
 [-0.99  1.    0.99  1.  ]]
Delta_X_tt:
[[-0.   -0.19 -0.04 -0.21]
 [-0.19  0.   -0.17  0.  ]
 [-0.04 -0.17 -0.   -0.19]
 [-0.21  0.   -0.19  0.  ]]
Z_tt:
[[ 1.02  1.   -1.    1.  ]
 [ 1.    2.98 -1.   -1.  ]
 [-1.   -1.    1.02 -1.  ]
 [ 1.   -1.   -1.    2.98]]
Delta_Z_tt:
[[-0.  0.  0.  0.]
 [ 0.  0.  0. -0.]
 [ 0.  0. -0.  0.]
 [ 0. -0.  0.  0.]]
Step Size: 0.015625, 1
Starting AMEn solve with:
	epsilon: 1e-10
	sweeps: 22

Solution rank is [3, 4]
Residual  2.9029778009584044e-12
---Step 42---
Centering Param:  9.889490275402403e-05
Duality Gap: 0.2698%
Primal-Dual error: 0.0000
X_tt:
[[ 1.   -0.99 -0.96 -0.99]
 [-0.99  1.    0.99  1.  ]
 [-0.96  0.99  1.    0.99]
 [-0.99  1.    0.99  1.  ]]
Delta_X_tt:
[[-0.    0.09 -0.04  0.1 ]
 [ 0.09  0.    0.11  0.  ]
 [-0.04  0.11 -0.    0.12]
 [ 0.1   0.    0.12  0.  ]]
Z_tt:
[[ 1.02  1.   -1.    1.  ]
 [ 1.    2.98 -1.   -1.  ]
 [-1.   -1.    1.01 -1.  ]
 [ 1.   -1.   -1.    2.99]]
Delta_Z_tt:
[[-0. -0.  0. -0.]
 [-0.  0. -0. -0.]
 [ 0. -0. -0. -0.]
 [-0. -0. -0.  0.]]
Step Size: 0.03125, 1
Starting AMEn solve with:
	epsilon: 1e-10
	sweeps: 22

Solution rank is [3, 4]
Residual  5.730178718792117e-12
---Step 43---
Centering Param:  7.911592220321923e-05
Duality Gap: 0.2616%
Primal-Dual error: 0.0000
X_tt:
[[ 1.   -0.99 -0.96 -0.99]
 [-0.99  1.    0.99  1.  ]
 [-0.96  0.99  1.    0.99]
 [-0.99  1.    0.99  1.  ]]
Delta_X_tt:
[[-0.   -0.21 -0.03 -0.24]
 [-0.21  0.   -0.2   0.  ]
 [-0.03 -0.2  -0.   -0.22]
 [-0.24  0.   -0.22  0.  ]]
Z_tt:
[[ 1.02  1.   -1.    1.  ]
 [ 1.    2.98 -1.   -1.  ]
 [-1.   -1.    1.01 -1.  ]
 [ 1.   -1.   -1.    2.99]]
Delta_Z_tt:
[[-0.  0.  0.  0.]
 [ 0.  0.  0. -0.]
 [ 0.  0. -0.  0.]
 [ 0. -0.  0.  0.]]
Step Size: 0.015625, 1
Starting AMEn solve with:
	epsilon: 1e-10
	sweeps: 22

Solution rank is [3, 4]
Residual  2.183015778946839e-11
---Step 44---
Centering Param:  6.329273776257539e-05
Duality Gap: 0.2573%
Primal-Dual error: 0.0000
X_tt:
[[ 1.   -0.99 -0.97 -0.99]
 [-0.99  1.    0.99  1.  ]
 [-0.97  0.99  1.    0.99]
 [-0.99  1.    0.99  1.  ]]
Delta_X_tt:
[[-0.    0.11 -0.03  0.12]
 [ 0.11  0.    0.13  0.  ]
 [-0.03  0.13 -0.    0.14]
 [ 0.12  0.    0.14  0.  ]]
Z_tt:
[[ 1.02  1.   -1.    1.  ]
 [ 1.    2.98 -1.   -1.  ]
 [-1.   -1.    1.01 -1.  ]
 [ 1.   -1.   -1.    2.99]]
Delta_Z_tt:
[[-0. -0.  0. -0.]
 [-0.  0. -0. -0.]
 [ 0. -0. -0. -0.]
 [-0. -0. -0.  0.]]
Step Size: 0.03125, 1
Starting AMEn solve with:
	epsilon: 1e-10
	sweeps: 22

Solution rank is [3, 4]
Residual  2.781177484611648e-12
---Step 45---
Centering Param:  5.063419021006031e-05
Duality Gap: 0.2494%
Primal-Dual error: 0.0000
X_tt:
[[ 1.   -0.99 -0.97 -0.99]
 [-0.99  1.    0.99  1.  ]
 [-0.97  0.99  1.    0.99]
 [-0.99  1.    0.99  1.  ]]
Delta_X_tt:
[[-0.   -0.28 -0.03 -0.31]
 [-0.28  0.   -0.26  0.  ]
 [-0.03 -0.26 -0.   -0.29]
 [-0.31  0.   -0.29  0.  ]]
Z_tt:
[[ 1.02  1.   -1.    1.  ]
 [ 1.    2.98 -1.   -1.  ]
 [-1.   -1.    1.01 -1.  ]
 [ 1.   -1.   -1.    2.99]]
Delta_Z_tt:
[[-0.  0.  0.  0.]
 [ 0.  0.  0. -0.]
 [ 0.  0. -0.  0.]
 [ 0. -0.  0.  0.]]
Step Size: 0.015625, 1
Starting AMEn solve with:
	epsilon: 1e-10
	sweeps: 22

Solution rank is [3, 4]
Residual  1.9134123674076874e-13
---Step 46---
Centering Param:  4.050735216804825e-05
Duality Gap: 0.2453%
Primal-Dual error: 0.0000
X_tt:
[[ 1.   -0.99 -0.97 -0.99]
 [-0.99  1.    0.99  1.  ]
 [-0.97  0.99  1.    0.99]
 [-0.99  1.    0.99  1.  ]]
Delta_X_tt:
[[-0.    0.17 -0.03  0.19]
 [ 0.17  0.    0.19  0.  ]
 [-0.03  0.19 -0.    0.21]
 [ 0.19  0.    0.21  0.  ]]
Z_tt:
[[ 1.02  1.   -1.    1.  ]
 [ 1.    2.98 -1.   -1.  ]
 [-1.   -1.    1.01 -1.  ]
 [ 1.   -1.   -1.    2.99]]
Delta_Z_tt:
[[-0. -0.  0. -0.]
 [-0.  0. -0. -0.]
 [ 0. -0. -0. -0.]
 [-0. -0. -0.  0.]]
Step Size: 0.015625, 1
Starting AMEn solve with:
	epsilon: 1e-10
	sweeps: 22

Solution rank is [3, 4]
Residual  7.683909593089062e-12
---Step 47---
Centering Param:  3.24058817344386e-05
Duality Gap: 0.2415%
Primal-Dual error: 0.0000
X_tt:
[[ 1.   -0.99 -0.97 -0.99]
 [-0.99  1.    0.99  1.  ]
 [-0.97  0.99  1.    0.99]
 [-0.99  1.    0.99  1.  ]]
Delta_X_tt:
[[-0.   -0.13 -0.03 -0.15]
 [-0.13  0.   -0.11  0.  ]
 [-0.03 -0.11 -0.   -0.13]
 [-0.15  0.   -0.13  0.  ]]
Z_tt:
[[ 1.02  1.   -1.    1.  ]
 [ 1.    2.98 -1.   -1.  ]
 [-1.   -1.    1.01 -1.  ]
 [ 1.   -1.   -1.    2.99]]
Delta_Z_tt:
[[-0.  0.  0.  0.]
 [ 0.  0.  0. -0.]
 [ 0.  0. -0.  0.]
 [ 0. -0.  0.  0.]]
Step Size: 0.015625, 1
Starting AMEn solve with:
	epsilon: 1e-10
	sweeps: 22

Solution rank is [3, 4]
Residual  1.8825431835574525e-10
---Step 48---
Centering Param:  2.5924705387550882e-05
Duality Gap: 0.2377%
Primal-Dual error: 0.0000
X_tt:
[[ 1.   -0.99 -0.97 -0.99]
 [-0.99  1.    0.99  1.  ]
 [-0.97  0.99  1.    0.99]
 [-0.99  1.    0.99  1.  ]]
Delta_X_tt:
[[-0.    0.08 -0.03  0.09]
 [ 0.08  0.    0.1   0.  ]
 [-0.03  0.1  -0.    0.11]
 [ 0.09  0.    0.11  0.  ]]
Z_tt:
[[ 1.02  1.   -1.    1.  ]
 [ 1.    2.98 -1.   -1.  ]
 [-1.   -1.    1.01 -1.  ]
 [ 1.   -1.   -1.    2.99]]
Delta_Z_tt:
[[-0. -0.  0. -0.]
 [-0.  0. -0. -0.]
 [ 0. -0. -0. -0.]
 [-0. -0. -0.  0.]]
Step Size: 0.03125, 1
Starting AMEn solve with:
	epsilon: 1e-10
	sweeps: 22

Solution rank is [3, 4]
Residual  2.4817365346498316e-12
---Step 49---
Centering Param:  2.0739764310040705e-05
Duality Gap: 0.2305%
Primal-Dual error: 0.0000
X_tt:
[[ 1.   -0.99 -0.97 -0.99]
 [-0.99  1.    0.99  1.  ]
 [-0.97  0.99  1.    0.99]
 [-0.99  1.    0.99  1.  ]]
Delta_X_tt:
[[-0.   -0.23 -0.03 -0.25]
 [-0.23  0.   -0.21  0.  ]
 [-0.03 -0.21  0.   -0.24]
 [-0.25  0.   -0.24  0.  ]]
Z_tt:
[[ 1.02  1.   -1.    1.  ]
 [ 1.    2.98 -1.   -1.  ]
 [-1.   -1.    1.01 -1.  ]
 [ 1.   -1.   -1.    2.99]]
Delta_Z_tt:
[[-0.  0.  0.  0.]
 [ 0.  0.  0. -0.]
 [ 0.  0. -0.  0.]
 [ 0. -0.  0.  0.]]
Step Size: 0.015625, 1
Starting AMEn solve with:
	epsilon: 1e-10
	sweeps: 22

Solution rank is [3, 4]
Residual  4.5615634436255934e-11
---Step 50---
Centering Param:  1.6591811448032564e-05
Duality Gap: 0.2267%
Primal-Dual error: 0.0000
X_tt:
[[ 1.   -0.99 -0.97 -0.99]
 [-0.99  1.    0.99  1.  ]
 [-0.97  0.99  1.    0.99]
 [-0.99  1.    0.99  1.  ]]
Delta_X_tt:
[[-0.    0.16 -0.03  0.18]
 [ 0.16  0.    0.18  0.  ]
 [-0.03  0.18 -0.    0.2 ]
 [ 0.18  0.    0.2   0.  ]]
Z_tt:
[[ 1.02  1.   -1.    1.  ]
 [ 1.    2.98 -1.   -1.  ]
 [-1.   -1.    1.01 -1.  ]
 [ 1.   -1.   -1.    2.99]]
Delta_Z_tt:
[[-0. -0.  0. -0.]
 [-0.  0. -0. -0.]
 [ 0. -0. -0. -0.]
 [-0. -0. -0.  0.]]
Step Size: 0.015625, 1
Starting AMEn solve with:
	epsilon: 1e-10
	sweeps: 22

Solution rank is [3, 4]
Residual  1.123513394116247e-12
---Step 51---
Centering Param:  1.3273449158426052e-05
Duality Gap: 0.2232%
Primal-Dual error: 0.0000
X_tt:
[[ 1.   -0.99 -0.97 -0.99]
 [-0.99  1.    0.99  1.  ]
 [-0.97  0.99  1.    0.99]
 [-0.99  1.    0.99  1.  ]]
Delta_X_tt:
[[-0.   -0.14 -0.03 -0.16]
 [-0.14  0.   -0.13  0.  ]
 [-0.03 -0.13 -0.   -0.15]
 [-0.16  0.   -0.15  0.  ]]
Z_tt:
[[ 1.02  1.   -1.    1.  ]
 [ 1.    2.98 -1.   -1.  ]
 [-1.   -1.    1.01 -1.  ]
 [ 1.   -1.   -1.    2.99]]
Delta_Z_tt:
[[-0.  0.  0.  0.]
 [ 0.  0.  0. -0.]
 [ 0.  0. -0.  0.]
 [ 0. -0.  0.  0.]]
Step Size: 0.015625, 1
Starting AMEn solve with:
	epsilon: 1e-10
	sweeps: 22

Solution rank is [3, 4]
Residual  3.37121366490488e-10
---Step 52---
Centering Param:  1.0618759326740842e-05
Duality Gap: 0.2197%
Primal-Dual error: 0.0000
X_tt:
[[ 1.   -0.99 -0.97 -0.99]
 [-0.99  1.    0.99  1.  ]
 [-0.97  0.99  1.    0.99]
 [-0.99  1.    0.99  1.  ]]
Delta_X_tt:
[[-0.    0.11 -0.03  0.12]
 [ 0.11  0.    0.12  0.  ]
 [-0.03  0.12 -0.    0.14]
 [ 0.12  0.    0.14  0.  ]]
Z_tt:
[[ 1.02  1.   -1.    1.  ]
 [ 1.    2.98 -1.   -1.  ]
 [-1.   -1.    1.01 -1.  ]
 [ 1.   -1.   -1.    2.99]]
Delta_Z_tt:
[[-0. -0.  0. -0.]
 [-0.  0. -0. -0.]
 [ 0. -0. -0. -0.]
 [-0. -0. -0.  0.]]
Step Size: 0.015625, 1
Starting AMEn solve with:
	epsilon: 1e-10
	sweeps: 22

Solution rank is [3, 4]
Residual  1.987971225437605e-13
---Step 53---
Centering Param:  8.495007461392673e-06
Duality Gap: 0.2163%
Primal-Dual error: 0.0000
X_tt:
[[ 1.   -0.99 -0.97 -0.99]
 [-0.99  1.    0.99  1.  ]
 [-0.97  0.99  1.    0.99]
 [-0.99  1.    0.99  1.  ]]
Delta_X_tt:
[[-0.   -0.11 -0.03 -0.12]
 [-0.11  0.   -0.09  0.  ]
 [-0.03 -0.09 -0.   -0.1 ]
 [-0.12  0.   -0.1   0.  ]]
Z_tt:
[[ 1.02  1.   -1.    1.  ]
 [ 1.    2.98 -1.   -1.  ]
 [-1.   -1.    1.01 -1.  ]
 [ 1.   -1.   -1.    2.99]]
Delta_Z_tt:
[[-0.  0.  0.  0.]
 [ 0.  0.  0. -0.]
 [ 0.  0. -0.  0.]
 [ 0. -0.  0.  0.]]
Step Size: 0.03125, 1
Starting AMEn solve with:
	epsilon: 1e-10
	sweeps: 22

Solution rank is [3, 4]
Residual  3.966117985219215e-13
---Step 54---
Centering Param:  6.796005969114139e-06
Duality Gap: 0.2097%
Primal-Dual error: 0.0000
X_tt:
[[ 1.   -0.99 -0.97 -0.99]
 [-0.99  1.    0.99  1.  ]
 [-0.97  0.99  1.    0.99]
 [-0.99  1.    0.99  1.  ]]
Delta_X_tt:
[[-0.    0.27 -0.03  0.3 ]
 [ 0.27  0.    0.28  0.  ]
 [-0.03  0.28 -0.    0.32]
 [ 0.3   0.    0.32  0.  ]]
Z_tt:
[[ 1.02  1.   -1.    1.  ]
 [ 1.    2.98 -1.   -1.  ]
 [-1.   -1.    1.01 -1.  ]
 [ 1.   -1.   -1.    2.99]]
Delta_Z_tt:
[[-0. -0.  0. -0.]
 [-0.  0. -0. -0.]
 [ 0. -0. -0. -0.]
 [-0. -0. -0.  0.]]
Step Size: 0.015625, 1
Starting AMEn solve with:
	epsilon: 1e-10
	sweeps: 22

Solution rank is [3, 4]
Residual  8.1586367859607e-11
---Step 55---
Centering Param:  5.436804775291312e-06
Duality Gap: 0.2064%
Primal-Dual error: 0.0000
X_tt:
[[ 1.   -0.99 -0.97 -0.99]
 [-0.99  1.    0.99  1.  ]
 [-0.97  0.99  1.    0.99]
 [-0.99  1.    0.99  1.  ]]
Delta_X_tt:
[[-0.   -0.26 -0.03 -0.29]
 [-0.26  0.   -0.25  0.  ]
 [-0.03 -0.25 -0.   -0.28]
 [-0.29  0.   -0.28  0.  ]]
Z_tt:
[[ 1.02  1.   -1.    1.  ]
 [ 1.    2.98 -1.   -1.  ]
 [-1.   -1.    1.01 -1.  ]
 [ 1.   -1.   -1.    2.99]]
Delta_Z_tt:
[[-0.  0.  0.  0.]
 [ 0.  0.  0. -0.]
 [ 0.  0. -0.  0.]
 [ 0. -0.  0.  0.]]
Step Size: 0.015625, 1
Starting AMEn solve with:
	epsilon: 1e-10
	sweeps: 22

Solution rank is [3, 4]
Residual  1.611163112790973e-12
---Step 56---
Centering Param:  4.34944382023305e-06
Duality Gap: 0.2032%
Primal-Dual error: 0.0000
X_tt:
[[ 1.   -0.99 -0.97 -0.99]
 [-0.99  1.    0.99  1.  ]
 [-0.97  0.99  1.    0.99]
 [-0.99  1.    0.99  1.  ]]
Delta_X_tt:
[[-0.    0.24 -0.03  0.27]
 [ 0.24  0.    0.25  0.  ]
 [-0.03  0.25 -0.    0.29]
 [ 0.27  0.    0.29  0.  ]]
Z_tt:
[[ 1.02  1.   -1.    1.  ]
 [ 1.    2.98 -1.   -1.  ]
 [-1.   -1.    1.01 -1.  ]
 [ 1.   -1.   -1.    2.99]]
Delta_Z_tt:
[[-0. -0.  0. -0.]
 [-0.  0. -0. -0.]
 [ 0. -0. -0. -0.]
 [-0. -0. -0.  0.]]
Step Size: 0.015625, 1
Starting AMEn solve with:
	epsilon: 1e-10
	sweeps: 22

Solution rank is [3, 4]
Residual  5.641690741882413e-12
---Step 57---
Centering Param:  3.4795550561864397e-06
Duality Gap: 0.2000%
Primal-Dual error: 0.0000
X_tt:
[[ 1.   -0.99 -0.97 -0.99]
 [-0.99  1.    0.99  1.  ]
 [-0.97  0.99  1.    0.99]
 [-0.99  1.    0.99  1.  ]]
Delta_X_tt:
[[-0.   -0.25 -0.03 -0.28]
 [-0.25  0.   -0.24  0.  ]
 [-0.03 -0.24 -0.   -0.27]
 [-0.28  0.   -0.27  0.  ]]
Z_tt:
[[ 1.02  1.   -1.    1.  ]
 [ 1.    2.98 -1.   -1.  ]
 [-1.   -1.    1.01 -1.  ]
 [ 1.   -1.   -1.    2.99]]
Delta_Z_tt:
[[-0.  0.  0.  0.]
 [ 0.  0.  0. -0.]
 [ 0.  0. -0.  0.]
 [ 0. -0.  0.  0.]]
Step Size: 0.015625, 1
Starting AMEn solve with:
	epsilon: 1e-10
	sweeps: 22

Solution rank is [3, 4]
Residual  4.4513703232021335e-12
---Step 58---
Centering Param:  2.783644044949152e-06
Duality Gap: 0.1969%
Primal-Dual error: 0.0000
X_tt:
[[ 1.   -0.99 -0.97 -0.99]
 [-0.99  1.    0.99  1.  ]
 [-0.97  0.99  1.    0.99]
 [-0.99  1.    0.99  1.  ]]
Delta_X_tt:
[[ 0.    0.24 -0.03  0.27]
 [ 0.24  0.    0.25  0.  ]
 [-0.03  0.25 -0.    0.29]
 [ 0.27  0.    0.29  0.  ]]
Z_tt:
[[ 1.02  1.   -1.    1.  ]
 [ 1.    2.98 -1.   -1.  ]
 [-1.   -1.    1.01 -1.  ]
 [ 1.   -1.   -1.    2.99]]
Delta_Z_tt:
[[-0. -0.  0. -0.]
 [-0.  0. -0. -0.]
 [ 0. -0. -0. -0.]
 [-0. -0. -0.  0.]]
Step Size: 0.015625, 1
Starting AMEn solve with:
	epsilon: 1e-10
	sweeps: 22

Solution rank is [3, 4]
Residual  6.656808961633852e-13
---Step 59---
Centering Param:  2.2269152359593217e-06
Duality Gap: 0.1939%
Primal-Dual error: 0.0000
X_tt:
[[ 1.   -0.99 -0.97 -0.99]
 [-0.99  1.    0.99  1.  ]
 [-0.97  0.99  1.    0.99]
 [-0.99  1.    0.99  1.  ]]
Delta_X_tt:
[[-0.   -0.26 -0.03 -0.3 ]
 [-0.26  0.   -0.25  0.  ]
 [-0.03 -0.25 -0.   -0.29]
 [-0.3   0.   -0.29  0.  ]]
Z_tt:
[[ 1.02  1.   -1.    1.  ]
 [ 1.    2.98 -1.   -1.  ]
 [-1.   -1.    1.01 -1.  ]
 [ 1.   -1.   -1.    2.99]]
Delta_Z_tt:
[[-0.  0.  0.  0.]
 [ 0.  0.  0. -0.]
 [ 0.  0. -0.  0.]
 [ 0. -0.  0.  0.]]
Step Size: 0.015625, 1
Starting AMEn solve with:
	epsilon: 1e-10
	sweeps: 22

Solution rank is [3, 4]
Residual  1.0593148286984386e-11
---Step 60---
Centering Param:  1.7815321887674575e-06
Duality Gap: 0.1909%
Primal-Dual error: 0.0000
X_tt:
[[ 1.   -0.99 -0.97 -1.  ]
 [-0.99  1.    0.99  1.  ]
 [-0.97  0.99  1.    0.99]
 [-1.    1.    0.99  1.  ]]
Delta_X_tt:
[[-0.    0.27 -0.02  0.31]
 [ 0.27  0.    0.28  0.  ]
 [-0.02  0.28 -0.    0.32]
 [ 0.31  0.    0.32  0.  ]]
Z_tt:
[[ 1.02  1.   -1.    1.  ]
 [ 1.    2.98 -1.   -1.  ]
 [-1.   -1.    1.01 -1.  ]
 [ 1.   -1.   -1.    2.99]]
Delta_Z_tt:
[[-0. -0.  0. -0.]
 [-0.  0. -0. -0.]
 [ 0. -0. -0. -0.]
 [-0. -0. -0.  0.]]
Step Size: 0.0078125, 1
Starting AMEn solve with:
	epsilon: 1e-10
	sweeps: 22

Solution rank is [3, 4]
Residual  2.3617541901641677e-13
---Step 61---
Centering Param:  1.4252257510139661e-06
Duality Gap: 0.1893%
Primal-Dual error: 0.0000
X_tt:
[[ 1.   -0.99 -0.97 -0.99]
 [-0.99  1.    0.99  1.  ]
 [-0.97  0.99  1.    0.99]
 [-0.99  1.    0.99  1.  ]]
Delta_X_tt:
[[-0.   -0.02 -0.03 -0.02]
 [-0.02  0.   -0.    0.  ]
 [-0.03 -0.   -0.   -0.01]
 [-0.02  0.   -0.01  0.  ]]
Z_tt:
[[ 1.02  1.   -1.    1.  ]
 [ 1.    2.98 -1.   -1.  ]
 [-1.   -1.    1.01 -1.  ]
 [ 1.   -1.   -1.    2.99]]
Delta_Z_tt:
[[-0.  0.  0.  0.]
 [ 0.  0.  0. -0.]
 [ 0.  0. -0.  0.]
 [ 0. -0.  0.  0.]]
Step Size: 0.125, 1
Starting AMEn solve with:
	epsilon: 1e-10
	sweeps: 22

Solution rank is [3, 4]
Residual  2.6560120397302834e-11
---Step 62---
Centering Param:  1.140180600811173e-06
Duality Gap: 0.1668%
Primal-Dual error: 0.0000
X_tt:
[[ 1.   -1.   -0.98 -1.  ]
 [-1.    1.    0.99  1.  ]
 [-0.98  0.99  1.    0.99]
 [-1.    1.    0.99  1.  ]]
Delta_X_tt:
[[-0.    0.18 -0.02  0.22]
 [ 0.18  0.    0.2   0.  ]
 [-0.02  0.2  -0.    0.23]
 [ 0.22  0.    0.23  0.  ]]
Z_tt:
[[ 1.02  1.   -1.    1.  ]
 [ 1.    2.99 -1.   -1.  ]
 [-1.   -1.    1.01 -1.  ]
 [ 1.   -1.   -1.    2.99]]
Delta_Z_tt:
[[-0. -0.  0. -0.]
 [-0.  0. -0. -0.]
 [ 0. -0. -0. -0.]
 [-0. -0. -0.  0.]]
Step Size: 0.015625, 1
Starting AMEn solve with:
	epsilon: 1e-10
	sweeps: 22

Solution rank is [3, 4]
Residual  7.736225403685538e-13
---Step 63---
Centering Param:  9.121444806489384e-07
Duality Gap: 0.1635%
Primal-Dual error: 0.0000
X_tt:
[[ 1.   -0.99 -0.98 -0.99]
 [-0.99  1.    1.    1.  ]
 [-0.98  1.    1.    1.  ]
 [-0.99  1.    1.    1.  ]]
Delta_X_tt:
[[-0.   -0.24 -0.02 -0.29]
 [-0.24  0.   -0.23  0.  ]
 [-0.02 -0.23 -0.   -0.27]
 [-0.29  0.   -0.27  0.  ]]
Z_tt:
[[ 1.02  1.   -1.    1.  ]
 [ 1.    2.99 -1.   -1.  ]
 [-1.   -1.    1.01 -1.  ]
 [ 1.   -1.   -1.    2.99]]
Delta_Z_tt:
[[-0.  0.  0.  0.]
 [ 0.  0.  0. -0.]
 [ 0.  0. -0.  0.]
 [ 0. -0.  0.  0.]]
Step Size: 0.0078125, 1
Starting AMEn solve with:
	epsilon: 1e-10
	sweeps: 22

Solution rank is [3, 4]
Residual  3.8724426922543636e-13
---Step 64---
Centering Param:  7.297155845191508e-07
Duality Gap: 0.1622%
Primal-Dual error: 0.0000
X_tt:
[[ 1.   -0.99 -0.98 -0.99]
 [-0.99  1.    0.99  1.  ]
 [-0.98  0.99  1.    0.99]
 [-0.99  1.    0.99  1.  ]]
Delta_X_tt:
[[-0.    0.04 -0.02  0.05]
 [ 0.04  0.    0.05  0.  ]
 [-0.02  0.05 -0.    0.06]
 [ 0.05  0.    0.06  0.  ]]
Z_tt:
[[ 1.02  1.   -1.    1.  ]
 [ 1.    2.99 -1.   -1.  ]
 [-1.   -1.    1.01 -1.  ]
 [ 1.   -1.   -1.    2.99]]
Delta_Z_tt:
[[-0. -0.  0. -0.]
 [-0.  0. -0. -0.]
 [ 0. -0. -0. -0.]
 [-0. -0. -0.  0.]]
Step Size: 0.03125, 1
Starting AMEn solve with:
	epsilon: 1e-10
	sweeps: 22

Solution rank is [3, 4]
Residual  1.0907086348139623e-11
---Step 65---
Centering Param:  5.837724676153207e-07
Duality Gap: 0.1573%
Primal-Dual error: 0.0000
X_tt:
[[ 1.   -0.99 -0.98 -0.99]
 [-0.99  1.    1.    1.  ]
 [-0.98  1.    1.    1.  ]
 [-0.99  1.    1.    1.  ]]
Delta_X_tt:
[[-0.   -0.18 -0.02 -0.21]
 [-0.18  0.   -0.17  0.  ]
 [-0.02 -0.17 -0.   -0.2 ]
 [-0.21  0.   -0.2   0.  ]]
Z_tt:
[[ 1.02  1.   -1.    1.  ]
 [ 1.    2.99 -1.   -1.  ]
 [-1.   -1.    1.01 -1.  ]
 [ 1.   -1.   -1.    2.99]]
Delta_Z_tt:
[[-0.  0.  0.  0.]
 [ 0.  0.  0. -0.]
 [ 0.  0. -0.  0.]
 [ 0. -0.  0.  0.]]
Step Size: 0.015625, 1
Starting AMEn solve with:
	epsilon: 1e-10
	sweeps: 22

Solution rank is [3, 4]
Residual  1.2953287969132372e-12
---Step 66---
Centering Param:  4.670179740922566e-07
Duality Gap: 0.1548%
Primal-Dual error: 0.0000
X_tt:
[[ 1.   -1.   -0.98 -1.  ]
 [-1.    1.    0.99  1.  ]
 [-0.98  0.99  1.    0.99]
 [-1.    1.    0.99  1.  ]]
Delta_X_tt:
[[-0.    0.25 -0.02  0.29]
 [ 0.25  0.    0.26  0.  ]
 [-0.02  0.26 -0.    0.3 ]
 [ 0.29  0.    0.3   0.  ]]
Z_tt:
[[ 1.02  1.   -1.    1.  ]
 [ 1.    2.99 -1.   -1.  ]
 [-1.   -1.    1.01 -1.  ]
 [ 1.   -1.   -1.    2.99]]
Delta_Z_tt:
[[-0. -0.  0. -0.]
 [-0.  0. -0. -0.]
 [ 0. -0. -0. -0.]
 [-0. -0. -0.  0.]]
Step Size: 0.0078125, 1
Starting AMEn solve with:
	epsilon: 1e-10
	sweeps: 22

Solution rank is [3, 4]
Residual  4.0745028389538066e-13
---Step 67---
Centering Param:  3.7361437927380533e-07
Duality Gap: 0.1536%
Primal-Dual error: 0.0000
X_tt:
[[ 1.   -0.99 -0.98 -0.99]
 [-0.99  1.    0.99  1.  ]
 [-0.98  0.99  1.    0.99]
 [-0.99  1.    0.99  1.  ]]
Delta_X_tt:
[[-0.   -0.07 -0.02 -0.08]
 [-0.07  0.   -0.06  0.  ]
 [-0.02 -0.06 -0.   -0.07]
 [-0.08  0.   -0.07  0.  ]]
Z_tt:
[[ 1.01  1.   -1.    1.  ]
 [ 1.    2.99 -1.   -1.  ]
 [-1.   -1.    1.01 -1.  ]
 [ 1.   -1.   -1.    2.99]]
Delta_Z_tt:
[[-0.  0.  0.  0.]
 [ 0.  0.  0. -0.]
 [ 0.  0. -0.  0.]
 [ 0. -0.  0.  0.]]
Step Size: 0.03125, 1
Starting AMEn solve with:
	epsilon: 1e-10
	sweeps: 22

Solution rank is [3, 4]
Residual  5.6406468111302454e-12
---Step 68---
Centering Param:  2.988915034190443e-07
Duality Gap: 0.1490%
Primal-Dual error: 0.0000
X_tt:
[[ 1.   -1.   -0.98 -1.  ]
 [-1.    1.    0.99  1.  ]
 [-0.98  0.99  1.    0.99]
 [-1.    1.    0.99  1.  ]]
Delta_X_tt:
[[ 0.    0.25 -0.02  0.29]
 [ 0.25  0.    0.26  0.  ]
 [-0.02  0.26  0.    0.31]
 [ 0.29  0.    0.31  0.  ]]
Z_tt:
[[ 1.01  1.   -1.    1.  ]
 [ 1.    2.99 -1.   -1.  ]
 [-1.   -1.    1.01 -1.  ]
 [ 1.   -1.   -1.    2.99]]
Delta_Z_tt:
[[-0. -0.  0. -0.]
 [-0.  0. -0. -0.]
 [ 0. -0. -0. -0.]
 [-0. -0. -0.  0.]]
Step Size: 0.0078125, 1
Starting AMEn solve with:
	epsilon: 1e-10
	sweeps: 22

Solution rank is [3, 4]
Residual  4.3848892909635804e-12
---Step 69---
Centering Param:  2.3911320273523545e-07
Duality Gap: 0.1477%
Primal-Dual error: 0.0000
X_tt:
[[ 1.   -0.99 -0.98 -0.99]
 [-0.99  1.    0.99  1.  ]
 [-0.98  0.99  1.    0.99]
 [-0.99  1.    0.99  1.  ]]
Delta_X_tt:
[[-0.   -0.08 -0.02 -0.09]
 [-0.08 -0.   -0.06  0.  ]
 [-0.02 -0.06  0.   -0.08]
 [-0.09  0.   -0.08  0.  ]]
Z_tt:
[[ 1.01  1.   -1.    1.  ]
 [ 1.    2.99 -1.   -1.  ]
 [-1.   -1.    1.01 -1.  ]
 [ 1.   -1.   -1.    2.99]]
Delta_Z_tt:
[[-0.  0.  0.  0.]
 [ 0.  0.  0. -0.]
 [ 0.  0. -0.  0.]
 [ 0. -0.  0.  0.]]
Step Size: 0.015625, 1
Starting AMEn solve with:
	epsilon: 1e-10
	sweeps: 22

Solution rank is [3, 4]
Residual  2.0105670175314924e-12
---Step 70---
Centering Param:  1.9129056218818837e-07
Duality Gap: 0.1455%
Primal-Dual error: 0.0000
X_tt:
[[ 1.   -1.   -0.98 -1.  ]
 [-1.    1.    0.99  1.  ]
 [-0.98  0.99  1.    0.99]
 [-1.    1.    0.99  1.  ]]
Delta_X_tt:
[[-0.    0.11 -0.02  0.13]
 [ 0.11  0.    0.12  0.  ]
 [-0.02  0.12 -0.    0.14]
 [ 0.13  0.    0.14  0.  ]]
Z_tt:
[[ 1.01  1.   -1.    1.  ]
 [ 1.    2.99 -1.   -1.  ]
 [-1.   -1.    1.01 -1.  ]
 [ 1.   -1.   -1.    2.99]]
Delta_Z_tt:
[[-0. -0.  0. -0.]
 [-0.  0. -0. -0.]
 [ 0. -0. -0. -0.]
 [-0. -0. -0.  0.]]
Step Size: 0.015625, 1
Starting AMEn solve with:
	epsilon: 1e-10
	sweeps: 22

Solution rank is [3, 4]
Residual  2.806497374879173e-12
---Step 71---
Centering Param:  1.530324497505507e-07
Duality Gap: 0.1433%
Primal-Dual error: 0.0000
X_tt:
[[ 1.   -0.99 -0.98 -0.99]
 [-0.99  1.    1.    1.  ]
 [-0.98  1.    1.    1.  ]
 [-0.99  1.    1.    1.  ]]
Delta_X_tt:
[[-0.   -0.19 -0.02 -0.23]
 [-0.19  0.   -0.18  0.  ]
 [-0.02 -0.18  0.   -0.22]
 [-0.23  0.   -0.22  0.  ]]
Z_tt:
[[ 1.01  1.   -1.    1.  ]
 [ 1.    2.99 -1.   -1.  ]
 [-1.   -1.    1.01 -1.  ]
 [ 1.   -1.   -1.    2.99]]
Delta_Z_tt:
[[-0.  0.  0.  0.]
 [ 0.  0.  0. -0.]
 [ 0.  0. -0.  0.]
 [ 0. -0.  0.  0.]]
Step Size: 0.0078125, 1
Starting AMEn solve with:
	epsilon: 1e-10
	sweeps: 22

Solution rank is [3, 4]
Residual  8.698661363095927e-13
---Step 72---
Centering Param:  1.2242595980044057e-07
Duality Gap: 0.1422%
Primal-Dual error: 0.0000
X_tt:
[[ 1.   -0.99 -0.98 -1.  ]
 [-0.99  1.    0.99  1.  ]
 [-0.98  0.99  1.    0.99]
 [-1.    1.    0.99  1.  ]]
Delta_X_tt:
[[-0.    0.06 -0.02  0.07]
 [ 0.06  0.    0.07  0.  ]
 [-0.02  0.07 -0.    0.08]
 [ 0.07  0.    0.08  0.  ]]
Z_tt:
[[ 1.01  1.   -1.    1.  ]
 [ 1.    2.99 -1.   -1.  ]
 [-1.   -1.    1.01 -1.  ]
 [ 1.   -1.   -1.    2.99]]
Delta_Z_tt:
[[-0. -0.  0. -0.]
 [-0.  0. -0. -0.]
 [ 0. -0. -0. -0.]
 [-0. -0. -0.  0.]]
Step Size: 0.015625, 1
Starting AMEn solve with:
	epsilon: 1e-10
	sweeps: 22

Solution rank is [3, 4]
Residual  6.046905773920225e-13
---Step 73---
Centering Param:  9.794076784035247e-08
Duality Gap: 0.1400%
Primal-Dual error: 0.0000
X_tt:
[[ 1.   -0.99 -0.98 -0.99]
 [-0.99  1.    1.    1.  ]
 [-0.98  1.    1.    1.  ]
 [-0.99  1.    1.    1.  ]]
Delta_X_tt:
[[ 0.   -0.11 -0.02 -0.13]
 [-0.11 -0.   -0.1   0.  ]
 [-0.02 -0.1   0.   -0.12]
 [-0.13  0.   -0.12 -0.  ]]
Z_tt:
[[ 1.01  1.   -1.    1.  ]
 [ 1.    2.99 -1.   -1.  ]
 [-1.   -1.    1.01 -1.  ]
 [ 1.   -1.   -1.    2.99]]
Delta_Z_tt:
[[-0.  0.  0.  0.]
 [ 0.  0.  0. -0.]
 [ 0.  0. -0.  0.]
 [ 0. -0.  0.  0.]]
Step Size: 0.015625, 1
Starting AMEn solve with:
	epsilon: 1e-10
	sweeps: 22

Solution rank is [3, 4]
Residual  2.5560623983858444e-11
---Step 74---
Centering Param:  7.835261427228199e-08
Duality Gap: 0.1379%
Primal-Dual error: 0.0000
X_tt:
[[ 1.   -1.   -0.98 -1.  ]
 [-1.    1.    0.99  1.  ]
 [-0.98  0.99  1.    0.99]
 [-1.    1.    0.99  1.  ]]
Delta_X_tt:
[[-0.    0.18 -0.02  0.21]
 [ 0.18  0.    0.19  0.  ]
 [-0.02  0.19 -0.    0.23]
 [ 0.21  0.    0.23  0.  ]]
Z_tt:
[[ 1.01  1.   -1.    1.  ]
 [ 1.    2.99 -1.   -1.  ]
 [-1.   -1.    1.01 -1.  ]
 [ 1.   -1.   -1.    2.99]]
Delta_Z_tt:
[[-0. -0.  0. -0.]
 [-0.  0. -0. -0.]
 [ 0. -0. -0. -0.]
 [-0. -0. -0.  0.]]
Step Size: 0.0078125, 1
Starting AMEn solve with:
	epsilon: 1e-10
	sweeps: 22

Solution rank is [3, 4]
Residual  1.6217638126305622e-12
---Step 75---
Centering Param:  6.26820914178256e-08
Duality Gap: 0.1368%
Primal-Dual error: 0.0000
X_tt:
[[ 1.   -0.99 -0.98 -0.99]
 [-0.99  1.    1.    1.  ]
 [-0.98  1.    1.    1.  ]
 [-0.99  1.    1.    1.  ]]
Delta_X_tt:
[[-0.   -0.07 -0.02 -0.09]
 [-0.07  0.   -0.06  0.  ]
 [-0.02 -0.06 -0.   -0.08]
 [-0.09  0.   -0.08  0.  ]]
Z_tt:
[[ 1.01  1.   -1.    1.  ]
 [ 1.    2.99 -1.   -1.  ]
 [-1.   -1.    1.01 -1.  ]
 [ 1.   -1.   -1.    2.99]]
Delta_Z_tt:
[[-0.  0.  0.  0.]
 [ 0.  0.  0. -0.]
 [ 0.  0. -0.  0.]
 [ 0. -0.  0.  0.]]
Step Size: 0.015625, 1
Starting AMEn solve with:
	epsilon: 1e-10
	sweeps: 22

Solution rank is [3, 4]
Residual  4.898799663755086e-12
---Step 76---
Centering Param:  5.0145673134260476e-08
Duality Gap: 0.1347%
Primal-Dual error: 0.0000
X_tt:
[[ 1.   -1.   -0.98 -1.  ]
 [-1.    1.    0.99  1.  ]
 [-0.98  0.99  1.    0.99]
 [-1.    1.    0.99  1.  ]]
Delta_X_tt:
[[ 0.    0.12 -0.02  0.14]
 [ 0.12  0.    0.13  0.  ]
 [-0.02  0.13  0.    0.15]
 [ 0.14  0.    0.15  0.  ]]
Z_tt:
[[ 1.01  1.   -1.    1.  ]
 [ 1.    2.99 -1.   -1.  ]
 [-1.   -1.    1.01 -1.  ]
 [ 1.   -1.   -1.    2.99]]
Delta_Z_tt:
[[-0. -0.  0. -0.]
 [-0.  0. -0. -0.]
 [ 0. -0. -0. -0.]
 [-0. -0. -0.  0.]]
Step Size: 0.015625, 1
Starting AMEn solve with:
	epsilon: 1e-10
	sweeps: 22

Solution rank is [3, 4]
Residual  9.584453006526798e-12
---Step 77---
Centering Param:  4.011653850740838e-08
Duality Gap: 0.1327%
Primal-Dual error: 0.0000
X_tt:
[[ 1.   -0.99 -0.98 -0.99]
 [-0.99  1.    1.    1.  ]
 [-0.98  1.    1.    1.  ]
 [-0.99  1.    1.    1.  ]]
Delta_X_tt:
[[-0.   -0.23 -0.02 -0.28]
 [-0.23  0.   -0.22  0.  ]
 [-0.02 -0.22 -0.   -0.27]
 [-0.28  0.   -0.27  0.  ]]
Z_tt:
[[ 1.01  1.   -1.    1.  ]
 [ 1.    2.99 -1.   -1.  ]
 [-1.   -1.    1.01 -1.  ]
 [ 1.   -1.   -1.    2.99]]
Delta_Z_tt:
[[-0.  0.  0.  0.]
 [ 0.  0.  0. -0.]
 [ 0.  0. -0.  0.]
 [ 0. -0.  0.  0.]]
Step Size: 0.0078125, 1
Starting AMEn solve with:
	epsilon: 1e-10
	sweeps: 22

Solution rank is [3, 4]
Residual  1.709891793227817e-11
---Step 78---
Centering Param:  3.2093230805926705e-08
Duality Gap: 0.1316%
Primal-Dual error: 0.0000
X_tt:
[[ 1.   -1.   -0.98 -1.  ]
 [-1.    1.    0.99  1.  ]
 [-0.98  0.99  1.    0.99]
 [-1.    1.    0.99  1.  ]]
Delta_X_tt:
[[-0.    0.09 -0.02  0.11]
 [ 0.09  0.    0.1   0.  ]
 [-0.02  0.1   0.    0.12]
 [ 0.11  0.    0.12  0.  ]]
Z_tt:
[[ 1.01  1.   -1.    1.  ]
 [ 1.    2.99 -1.   -1.  ]
 [-1.   -1.    1.01 -1.  ]
 [ 1.   -1.   -1.    2.99]]
Delta_Z_tt:
[[-0. -0.  0. -0.]
 [-0.  0. -0. -0.]
 [ 0. -0. -0. -0.]
 [-0. -0. -0.  0.]]
Step Size: 0.015625, 1
Starting AMEn solve with:
	epsilon: 1e-10
	sweeps: 22

Solution rank is [3, 4]
Residual  8.246597061427595e-13
---Step 79---
Centering Param:  2.5674584644741365e-08
Duality Gap: 0.1296%
Primal-Dual error: 0.0000
X_tt:
[[ 1.   -0.99 -0.98 -0.99]
 [-0.99  1.    1.    1.  ]
 [-0.98  1.    1.    1.  ]
 [-0.99  1.    1.    1.  ]]
Delta_X_tt:
[[ 0.   -0.18 -0.02 -0.22]
 [-0.18  0.   -0.17  0.  ]
 [-0.02 -0.17  0.   -0.21]
 [-0.22  0.   -0.21  0.  ]]
Z_tt:
[[ 1.01  1.   -1.    1.  ]
 [ 1.    2.99 -1.   -1.  ]
 [-1.   -1.    1.01 -1.  ]
 [ 1.   -1.   -1.    2.99]]
Delta_Z_tt:
[[-0.  0.  0.  0.]
 [ 0.  0.  0. -0.]
 [ 0.  0. -0.  0.]
 [ 0. -0.  0.  0.]]
Step Size: 0.0078125, 1
Starting AMEn solve with:
	epsilon: 1e-10
	sweeps: 22

Solution rank is [3, 4]
Residual  1.6289443718592445e-12
---Step 80---
Centering Param:  2.0539667715793094e-08
Duality Gap: 0.1286%
Primal-Dual error: 0.0000
X_tt:
[[ 1.   -1.   -0.98 -1.  ]
 [-1.    1.    0.99  1.  ]
 [-0.98  0.99  1.    0.99]
 [-1.    1.    0.99  1.  ]]
Delta_X_tt:
[[ 0.    0.08 -0.02  0.09]
 [ 0.08  0.    0.09  0.  ]
 [-0.02  0.09  0.    0.1 ]
 [ 0.09  0.    0.1   0.  ]]
Z_tt:
[[ 1.01  1.   -1.    1.  ]
 [ 1.    2.99 -1.   -1.  ]
 [-1.   -1.    1.01 -1.  ]
 [ 1.   -1.   -1.    2.99]]
Delta_Z_tt:
[[-0. -0.  0. -0.]
 [-0.  0. -0. -0.]
 [ 0. -0. -0. -0.]
 [-0. -0. -0.  0.]]
Step Size: 0.015625, 1
Starting AMEn solve with:
	epsilon: 1e-10
	sweeps: 22

Solution rank is [3, 4]
Residual  9.086444878703113e-12
---Step 81---
Centering Param:  1.6431734172634476e-08
Duality Gap: 0.1267%
Primal-Dual error: 0.0000
X_tt:
[[ 1.   -0.99 -0.98 -0.99]
 [-0.99  1.    1.    1.  ]
 [-0.98  1.    1.    1.  ]
 [-0.99  1.    1.    1.  ]]
Delta_X_tt:
[[-0.   -0.16 -0.02 -0.2 ]
 [-0.16  0.   -0.15  0.  ]
 [-0.02 -0.15  0.   -0.19]
 [-0.2   0.   -0.19  0.  ]]
Z_tt:
[[ 1.01  1.   -1.    1.  ]
 [ 1.    2.99 -1.   -1.  ]
 [-1.   -1.    1.01 -1.  ]
 [ 1.   -1.   -1.    2.99]]
Delta_Z_tt:
[[-0.  0.  0.  0.]
 [ 0.  0.  0. -0.]
 [ 0.  0. -0.  0.]
 [ 0. -0.  0.  0.]]
Step Size: 0.0078125, 1
Starting AMEn solve with:
	epsilon: 1e-10
	sweeps: 22

Solution rank is [3, 4]
Residual  2.899261420371498e-10
---Step 82---
Centering Param:  1.3145387338107581e-08
Duality Gap: 0.1257%
Primal-Dual error: 0.0000
X_tt:
[[ 1.   -1.   -0.98 -1.  ]
 [-1.    1.    0.99  1.  ]
 [-0.98  0.99  1.    0.99]
 [-1.    1.    0.99  1.  ]]
Delta_X_tt:
[[-0.    0.07 -0.02  0.09]
 [ 0.07  0.    0.08  0.  ]
 [-0.02  0.08 -0.    0.1 ]
 [ 0.09  0.    0.1   0.  ]]
Z_tt:
[[ 1.01  1.   -1.    1.  ]
 [ 1.    2.99 -1.   -1.  ]
 [-1.   -1.    1.01 -1.  ]
 [ 1.   -1.   -1.    2.99]]
Delta_Z_tt:
[[-0. -0.  0. -0.]
 [-0.  0. -0. -0.]
 [ 0. -0. -0. -0.]
 [-0. -0. -0.  0.]]
Step Size: 0.015625, 1
Starting AMEn solve with:
	epsilon: 1e-10
	sweeps: 22

Solution rank is [3, 4]
Residual  1.8366439420126394e-12
---Step 83---
Centering Param:  1.0516309870486066e-08
Duality Gap: 0.1238%
Primal-Dual error: 0.0000
X_tt:
[[ 1.   -0.99 -0.98 -0.99]
 [-0.99  1.    1.    1.  ]
 [-0.98  1.    1.    1.  ]
 [-0.99  1.    1.    1.  ]]
Delta_X_tt:
[[ 0.   -0.15 -0.02 -0.19]
 [-0.15  0.   -0.14  0.  ]
 [-0.02 -0.14 -0.   -0.18]
 [-0.19  0.   -0.18  0.  ]]
Z_tt:
[[ 1.01  1.   -1.    1.  ]
 [ 1.    2.99 -1.   -1.  ]
 [-1.   -1.    1.01 -1.  ]
 [ 1.   -1.   -1.    2.99]]
Delta_Z_tt:
[[-0.  0.  0.  0.]
 [ 0.  0.  0. -0.]
 [ 0.  0. -0.  0.]
 [ 0. -0.  0.  0.]]
Step Size: 0.0078125, 1
Starting AMEn solve with:
	epsilon: 1e-10
	sweeps: 22

Solution rank is [3, 4]
Residual  1.4288322666215134e-12
---Step 84---
Centering Param:  8.413047896388853e-09
Duality Gap: 0.1228%
Primal-Dual error: 0.0000
X_tt:
[[ 1.   -1.   -0.98 -1.  ]
 [-1.    1.    0.99  1.  ]
 [-0.98  0.99  1.    0.99]
 [-1.    1.    0.99  1.  ]]
Delta_X_tt:
[[ 0.    0.07 -0.02  0.09]
 [ 0.07  0.    0.08  0.  ]
 [-0.02  0.08 -0.    0.1 ]
 [ 0.09  0.    0.1   0.  ]]
Z_tt:
[[ 1.01  1.   -1.    1.  ]
 [ 1.    2.99 -1.   -1.  ]
 [-1.   -1.    1.01 -1.  ]
 [ 1.   -1.   -1.    2.99]]
Delta_Z_tt:
[[-0. -0.  0. -0.]
 [-0.  0. -0. -0.]
 [ 0. -0. -0. -0.]
 [-0. -0. -0.  0.]]
Step Size: 0.015625, 1
Starting AMEn solve with:
	epsilon: 1e-10
	sweeps: 22

Solution rank is [3, 4]
Residual  6.282764406524913e-13
---Step 85---
Centering Param:  6.730438317111083e-09
Duality Gap: 0.1210%
Primal-Dual error: 0.0000
X_tt:
[[ 1.   -0.99 -0.98 -0.99]
 [-0.99  1.    1.    1.  ]
 [-0.98  1.    1.    1.  ]
 [-0.99  1.    1.    1.  ]]
Delta_X_tt:
[[-0.   -0.16 -0.02 -0.2 ]
 [-0.16  0.   -0.15  0.  ]
 [-0.02 -0.15 -0.   -0.19]
 [-0.2   0.   -0.19  0.  ]]
Z_tt:
[[ 1.01  1.   -1.    1.  ]
 [ 1.    2.99 -1.   -1.  ]
 [-1.   -1.    1.01 -1.  ]
 [ 1.   -1.   -1.    2.99]]
Delta_Z_tt:
[[-0.  0.  0.  0.]
 [ 0.  0.  0. -0.]
 [ 0.  0. -0.  0.]
 [ 0. -0.  0.  0.]]
Step Size: 0.0078125, 1
Starting AMEn solve with:
	epsilon: 1e-10
	sweeps: 22

Solution rank is [3, 4]
Residual  1.0286607091546887e-12
---Step 86---
Centering Param:  5.384350653688866e-09
Duality Gap: 0.1200%
Primal-Dual error: 0.0000
X_tt:
[[ 1.   -1.   -0.98 -1.  ]
 [-1.    1.    0.99  1.  ]
 [-0.98  0.99  1.    0.99]
 [-1.    1.    0.99  1.  ]]
Delta_X_tt:
[[ 0.    0.08 -0.02  0.1 ]
 [ 0.08  0.    0.09  0.  ]
 [-0.02  0.09  0.    0.11]
 [ 0.1   0.    0.11  0.  ]]
Z_tt:
[[ 1.01  1.   -1.    1.  ]
 [ 1.    2.99 -1.   -1.  ]
 [-1.   -1.    1.01 -1.  ]
 [ 1.   -1.   -1.    2.99]]
Delta_Z_tt:
[[-0. -0.  0. -0.]
 [-0.  0. -0. -0.]
 [ 0. -0. -0. -0.]
 [-0. -0. -0.  0.]]
Step Size: 0.015625, 1
Starting AMEn solve with:
	epsilon: 1e-10
	sweeps: 22

Solution rank is [3, 4]
Residual  5.937536687383074e-13
---Step 87---
Centering Param:  4.307480522951093e-09
Duality Gap: 0.1182%
Primal-Dual error: 0.0000
X_tt:
[[ 1.   -0.99 -0.98 -0.99]
 [-0.99  1.    1.    1.  ]
 [-0.98  1.    1.    1.  ]
 [-0.99  1.    1.    1.  ]]
Delta_X_tt:
[[ 0.   -0.18 -0.02 -0.22]
 [-0.18  0.   -0.17  0.  ]
 [-0.02 -0.17  0.   -0.21]
 [-0.22  0.   -0.21 -0.  ]]
Z_tt:
[[ 1.01  1.   -1.    1.  ]
 [ 1.    2.99 -1.   -1.  ]
 [-1.   -1.    1.01 -1.  ]
 [ 1.   -1.   -1.    2.99]]
Delta_Z_tt:
[[-0.  0.  0.  0.]
 [ 0.  0.  0. -0.]
 [ 0.  0. -0.  0.]
 [ 0. -0.  0.  0.]]
Step Size: 0.0078125, 1
Starting AMEn solve with:
	epsilon: 1e-10
	sweeps: 22

Solution rank is [3, 4]
Residual  1.709350496553274e-12
---Step 88---
Centering Param:  3.445984418360875e-09
Duality Gap: 0.1173%
Primal-Dual error: 0.0000
X_tt:
[[ 1.   -1.   -0.98 -1.  ]
 [-1.    1.    1.    1.  ]
 [-0.98  1.    1.    0.99]
 [-1.    1.    0.99  1.  ]]
Delta_X_tt:
[[-0.    0.09 -0.02  0.12]
 [ 0.09 -0.    0.1   0.  ]
 [-0.02  0.1  -0.    0.13]
 [ 0.12  0.    0.13 -0.  ]]
Z_tt:
[[ 1.01  1.   -1.    1.  ]
 [ 1.    2.99 -1.   -1.  ]
 [-1.   -1.    1.01 -1.  ]
 [ 1.   -1.   -1.    2.99]]
Delta_Z_tt:
[[-0. -0.  0. -0.]
 [-0.  0. -0. -0.]
 [ 0. -0. -0. -0.]
 [-0. -0. -0.  0.]]
Step Size: 0.015625, 1
Starting AMEn solve with:
	epsilon: 1e-10
	sweeps: 22

Solution rank is [3, 4]
Residual  1.0661694362656294e-11
---Step 89---
Centering Param:  2.7567875346887003e-09
Duality Gap: 0.1155%
Primal-Dual error: 0.0000
X_tt:
[[ 1.   -0.99 -0.98 -0.99]
 [-0.99  1.    1.    1.  ]
 [-0.98  1.    1.    1.  ]
 [-0.99  1.    1.    1.  ]]
Delta_X_tt:
[[-0.   -0.22 -0.02 -0.27]
 [-0.22  0.   -0.21  0.  ]
 [-0.02 -0.21 -0.   -0.26]
 [-0.27  0.   -0.26  0.  ]]
Z_tt:
[[ 1.01  1.   -1.    1.  ]
 [ 1.    2.99 -1.   -1.  ]
 [-1.   -1.    1.01 -1.  ]
 [ 1.   -1.   -1.    2.99]]
Delta_Z_tt:
[[-0.  0.  0.  0.]
 [ 0.  0.  0. -0.]
 [ 0.  0. -0.  0.]
 [ 0. -0.  0.  0.]]
Step Size: 0.0078125, 1
Starting AMEn solve with:
	epsilon: 1e-10
	sweeps: 22

Solution rank is [3, 4]
Residual  2.77071565194253e-12
---Step 90---
Centering Param:  2.2054300277509603e-09
Duality Gap: 0.1146%
Primal-Dual error: 0.0000
X_tt:
[[ 1.   -1.   -0.98 -1.  ]
 [-1.    1.    0.99  1.  ]
 [-0.98  0.99  1.    0.99]
 [-1.    1.    0.99  1.  ]]
Delta_X_tt:
[[-0.    0.12 -0.02  0.16]
 [ 0.12  0.    0.13  0.  ]
 [-0.02  0.13 -0.    0.16]
 [ 0.16  0.    0.16 -0.  ]]
Z_tt:
[[ 1.01  1.   -1.    1.  ]
 [ 1.    2.99 -1.   -1.  ]
 [-1.   -1.    1.   -1.  ]
 [ 1.   -1.   -1.    3.  ]]
Delta_Z_tt:
[[-0. -0.  0. -0.]
 [-0.  0. -0. -0.]
 [ 0. -0. -0. -0.]
 [-0. -0. -0.  0.]]
Step Size: 0.0078125, 0.5
Starting AMEn solve with:
	epsilon: 1e-10
	sweeps: 22

Solution rank is [3, 4]
Residual  2.8103357652565473e-13
---Step 91---
Centering Param:  1.7643440222007683e-09
Duality Gap: 0.1138%
Primal-Dual error: 0.0000
X_tt:
[[ 1.   -1.   -0.98 -1.  ]
 [-1.    1.    1.    1.  ]
 [-0.98  1.    1.    1.  ]
 [-1.    1.    1.    1.  ]]
Delta_X_tt:
[[-0.   -0.08 -0.02 -0.1 ]
 [-0.08  0.   -0.07  0.  ]
 [-0.02 -0.07 -0.   -0.09]
 [-0.1   0.   -0.09  0.  ]]
Z_tt:
[[ 1.01  1.   -1.    1.  ]
 [ 1.    2.99 -1.   -1.  ]
 [-1.   -1.    1.   -1.  ]
 [ 1.   -1.   -1.    3.  ]]
Delta_Z_tt:
[[-0.  0.  0.  0.]
 [ 0.  0.  0. -0.]
 [ 0.  0. -0.  0.]
 [ 0. -0.  0.  0.]]
Step Size: 0.015625, 0.5
Starting AMEn solve with:
	epsilon: 1e-10
	sweeps: 22

Solution rank is [3, 4]
Residual  2.931882374581945e-12
---Step 92---
Centering Param:  1.4114752177606146e-09
Duality Gap: 0.1121%
Primal-Dual error: 0.0000
X_tt:
[[ 1.   -1.   -0.98 -1.  ]
 [-1.    1.    0.99  1.  ]
 [-0.98  0.99  1.    0.99]
 [-1.    1.    0.99  1.  ]]
Delta_X_tt:
[[-0.    0.17 -0.01  0.21]
 [ 0.17  0.    0.18  0.  ]
 [-0.01  0.18 -0.    0.22]
 [ 0.21  0.    0.22  0.  ]]
Z_tt:
[[ 1.01  1.   -1.    1.  ]
 [ 1.    2.99 -1.   -1.  ]
 [-1.   -1.    1.   -1.  ]
 [ 1.   -1.   -1.    3.  ]]
Delta_Z_tt:
[[-0. -0.  0. -0.]
 [-0.  0. -0. -0.]
 [ 0. -0. -0. -0.]
 [-0. -0. -0.  0.]]
Step Size: 0.0078125, 0.5
Starting AMEn solve with:
	epsilon: 1e-10
	sweeps: 22

Solution rank is [3, 4]
Residual  6.660368052592652e-13
---Step 93---
Centering Param:  1.1291801742084918e-09
Duality Gap: 0.1112%
Primal-Dual error: 0.0000
X_tt:
[[ 1.   -1.   -0.98 -1.  ]
 [-1.    1.    1.    1.  ]
 [-0.98  1.    1.    1.  ]
 [-1.    1.    1.    1.  ]]
Delta_X_tt:
[[-0.   -0.11 -0.02 -0.14]
 [-0.11 -0.   -0.11  0.  ]
 [-0.02 -0.11  0.   -0.13]
 [-0.14  0.   -0.13  0.  ]]
Z_tt:
[[ 1.01  1.   -1.    1.  ]
 [ 1.    2.99 -1.   -1.  ]
 [-1.   -1.    1.   -1.  ]
 [ 1.   -1.   -1.    3.  ]]
Delta_Z_tt:
[[-0.  0.  0.  0.]
 [ 0.  0.  0. -0.]
 [ 0.  0. -0.  0.]
 [ 0. -0.  0.  0.]]
Step Size: 0.015625, 0.5
Starting AMEn solve with:
	epsilon: 1e-10
	sweeps: 22

Solution rank is [3, 4]
Residual  1.505738766036769e-12
---Step 94---
Centering Param:  9.033441393667935e-10
Duality Gap: 0.1095%
Primal-Dual error: 0.0000
X_tt:
[[ 1.   -1.   -0.98 -1.  ]
 [-1.    1.    0.99  1.  ]
 [-0.98  0.99  1.    0.99]
 [-1.    1.    0.99  1.  ]]
Delta_X_tt:
[[-0.    0.25 -0.01  0.31]
 [ 0.25  0.    0.26  0.  ]
 [-0.01  0.26  0.    0.32]
 [ 0.31  0.    0.32  0.  ]]
Z_tt:
[[ 1.01  1.   -1.    1.  ]
 [ 1.    2.99 -1.   -1.  ]
 [-1.   -1.    1.   -1.  ]
 [ 1.   -1.   -1.    3.  ]]
Delta_Z_tt:
[[-0. -0.  0. -0.]
 [-0.  0. -0. -0.]
 [ 0. -0. -0. -0.]
 [-0. -0. -0.  0.]]
Step Size: 0.0078125, 0.5
Starting AMEn solve with:
	epsilon: 1e-10
	sweeps: 22

Solution rank is [3, 4]
Residual  1.5653686311398905e-12
---Step 95---
Centering Param:  7.226753114934348e-10
Duality Gap: 0.1087%
Primal-Dual error: 0.0000
X_tt:
[[ 1.   -1.   -0.98 -0.99]
 [-1.    1.    1.    1.  ]
 [-0.98  1.    1.    1.  ]
 [-0.99  1.    1.    1.  ]]
Delta_X_tt:
[[ 0.   -0.17 -0.02 -0.21]
 [-0.17  0.   -0.16  0.  ]
 [-0.02 -0.16  0.   -0.2 ]
 [-0.21  0.   -0.2   0.  ]]
Z_tt:
[[ 1.01  1.   -1.    1.  ]
 [ 1.    2.99 -1.   -1.  ]
 [-1.   -1.    1.   -1.  ]
 [ 1.   -1.   -1.    3.  ]]
Delta_Z_tt:
[[-0.  0.  0.  0.]
 [ 0.  0.  0. -0.]
 [ 0.  0. -0.  0.]
 [ 0. -0.  0.  0.]]
Step Size: 0.0078125, 0.5
Starting AMEn solve with:
	epsilon: 1e-10
	sweeps: 22

Solution rank is [3, 4]
Residual  3.1647767084668526e-12
---Step 96---
Centering Param:  5.781402491947479e-10
Duality Gap: 0.1078%
Primal-Dual error: 0.0000
X_tt:
[[ 1.   -1.   -0.98 -1.  ]
 [-1.    1.    1.    1.  ]
 [-0.98  1.    1.    1.  ]
 [-1.    1.    1.    1.  ]]
Delta_X_tt:
[[ 0.    0.11 -0.01  0.13]
 [ 0.11  0.    0.11  0.  ]
 [-0.01  0.11  0.    0.14]
 [ 0.13  0.    0.14 -0.  ]]
Z_tt:
[[ 1.01  1.   -1.    1.  ]
 [ 1.    2.99 -1.   -1.  ]
 [-1.   -1.    1.   -1.  ]
 [ 1.   -1.   -1.    3.  ]]
Delta_Z_tt:
[[-0. -0.  0. -0.]
 [-0.  0. -0. -0.]
 [ 0. -0. -0. -0.]
 [-0. -0. -0.  0.]]
Step Size: 0.0078125, 0.5
Starting AMEn solve with:
	epsilon: 1e-10
	sweeps: 22

Solution rank is [3, 4]
Residual  1.2925509818888053e-12
---Step 97---
Centering Param:  4.625121993557983e-10
Duality Gap: 0.1070%
Primal-Dual error: 0.0000
X_tt:
[[ 1.   -1.   -0.98 -1.  ]
 [-1.    1.    1.    1.  ]
 [-0.98  1.    1.    1.  ]
 [-1.    1.    1.    1.  ]]
Delta_X_tt:
[[ 0.   -0.08 -0.02 -0.1 ]
 [-0.08  0.   -0.07  0.  ]
 [-0.02 -0.07  0.   -0.09]
 [-0.1   0.   -0.09  0.  ]]
Z_tt:
[[ 1.01  1.   -1.    1.  ]
 [ 1.    2.99 -1.   -1.  ]
 [-1.   -1.    1.   -1.  ]
 [ 1.   -1.   -1.    3.  ]]
Delta_Z_tt:
[[-0.  0.  0.  0.]
 [ 0.  0.  0. -0.]
 [ 0.  0. -0.  0.]
 [ 0. -0.  0.  0.]]
Step Size: 0.015625, 0.5
Starting AMEn solve with:
	epsilon: 1e-10
	sweeps: 22

Solution rank is [3, 4]
Residual  2.022824310201389e-12
---Step 98---
Centering Param:  3.700097594846387e-10
Duality Gap: 0.1054%
Primal-Dual error: 0.0000
X_tt:
[[ 1.   -1.   -0.99 -1.  ]
 [-1.    1.    1.    1.  ]
 [-0.99  1.    1.    0.99]
 [-1.    1.    0.99  1.  ]]
Delta_X_tt:
[[ 0.    0.17 -0.01  0.22]
 [ 0.17  0.    0.18  0.  ]
 [-0.01  0.18 -0.    0.23]
 [ 0.22  0.    0.23  0.  ]]
Z_tt:
[[ 1.01  1.   -1.    1.  ]
 [ 1.    2.99 -1.   -1.  ]
 [-1.   -1.    1.   -1.  ]
 [ 1.   -1.   -1.    3.  ]]
Delta_Z_tt:
[[-0. -0.  0. -0.]
 [-0.  0. -0. -0.]
 [ 0. -0. -0. -0.]
 [-0. -0. -0.  0.]]
Step Size: 0.0078125, 0.5
Starting AMEn solve with:
	epsilon: 1e-10
	sweeps: 22

Solution rank is [3, 4]
Residual  1.2466398278559502e-12
---Step 99---
Centering Param:  2.9600780758771097e-10
Duality Gap: 0.1046%
Primal-Dual error: 0.0000
X_tt:
[[ 1.   -1.   -0.99 -1.  ]
 [-1.    1.    1.    1.  ]
 [-0.99  1.    1.    1.  ]
 [-1.    1.    1.    1.  ]]
Delta_X_tt:
[[ 0.   -0.13 -0.02 -0.16]
 [-0.13  0.   -0.12  0.  ]
 [-0.02 -0.12 -0.   -0.16]
 [-0.16  0.   -0.16  0.  ]]
Z_tt:
[[ 1.01  1.   -1.    1.  ]
 [ 1.    2.99 -1.   -1.  ]
 [-1.   -1.    1.   -1.  ]
 [ 1.   -1.   -1.    3.  ]]
Delta_Z_tt:
[[-0.  0.  0.  0.]
 [ 0.  0.  0. -0.]
 [ 0.  0. -0.  0.]
 [ 0. -0.  0.  0.]]
Step Size: 0.0078125, 0.5
Converged in 100 iterations.
Solution: 
[[ 1.   -1.   -0.99 -1.  ]
 [-1.    1.    1.    1.  ]
 [-0.99  1.    1.    1.  ]
 [-1.    1.    1.    1.  ]]
Objective value: 3.9978642674192444
Complementary Slackness:  0.0041521286319574635
Ranks X_tt [4] Z_tt [4] 
Time: 17.794239044189453s
